 1.9951433608        1.8909835103       -4.9311639025
-0.0804097073       -1.1017008893       -6.0283776011
-3.7906629776       -0.3302670125       -5.6115596878
-4.1758428264        3.0162705754       -3.8220079291
-3.4808211310        2.5307853407       -0.1045232135
-2.9641731875       -1.1595735549        0.6360267422
 3.5289074028       -4.1712526745       -0.4503261224
 4.8052014328       -0.9659193070        1.1361756493
 2.4868387614        2.0351462986        1.2567652426
 0.6109455888        2.5499084799        4.5202701533
 0.4621520267       -0.2794483973        7.0462405659
 0.6027212565       -4.0149323695        6.3524801032
