         1.1931333480      -20.6539603773      -18.4072063836
         4.4283772281      -18.6654331185      -18.6655647706
         4.9160287876      -15.6200851431      -16.4424493985
         5.3632764368      -12.3535027694      -18.3142467137
         7.2630705187      -12.8210875154      -21.5536698294
        10.8484413230      -11.7788686897      -22.2448937574
        -2.5635727013        9.9330712161       23.0322021976
        -2.1152084233        8.4328469689       19.5877709773
        -0.8185021248        8.3265811709       16.0367937698
        -2.6711621893       10.9789069108       14.0519216946
        -1.8222289714       14.4349757144       15.3194160070
        -2.5934833435       15.8744230831       18.7207582917
        10.3952053859      -18.9767284791       14.1762823298
        13.2543576861      -20.2724428451       12.0396476114
        12.8511245202      -19.4723313275        8.3592099819
        15.6808142746      -17.1744590490        7.2639914232
        18.6865328106      -19.4972501764        7.0653478336
        17.5436798954      -22.1407136553        4.5562689600
       -18.1421725882      -16.0620857853        9.0091635293
       -19.4445561810      -13.0917109975        7.0416371140
       -16.8518423568      -10.3339887081        7.0012832187
       -16.6751175187       -8.7038193164       10.4411036503
       -18.0615379548      -10.4096580645       13.5242813465
       -15.5984351742      -12.9150085596       14.9845989219
        22.3981962781        6.5329410277       -8.3354231690
        21.8745345092        9.9700166472       -6.8054969436
        18.8551974005       10.8706257462       -4.6875224536
        15.7796639875       12.8447527358       -5.7322777629
        16.8097556841       14.7999091368       -8.7940486158
        16.7683967763       17.4169718838      -11.5191129816
        -0.5904413306      -18.4934147322       -2.3428734613
        -3.4863546758      -16.6926336218       -0.7625094487
        -5.8123778055      -14.1517410828        0.7938670775
        -6.3185225922      -14.4043172806        4.5384591482
        -6.7993348854      -18.0750526080        5.3264444004
        -4.9423237984      -19.9732932887        7.9877844115
        11.2477220757      -15.7250699867      -16.0828085635
        10.0649450729      -12.4791827189      -14.5528465895
         9.2557456246       -9.5119123632      -12.3365594303
         7.4762722359       -6.1285821281      -12.3276415085
         7.8521410780       -4.5032755556       -8.9034331438
        10.0876066034       -6.8796628243       -6.9968277390
       -11.9868390975       21.2227435897        6.3205396209
       -14.6182874413       20.1463676314        3.8014498929
       -14.5420929199       17.1624194498        1.4874531824
       -16.4451186374       13.9951779547        2.3564440006
       -19.1349411080       14.3885861775        5.0163436573
       -17.3673479815       14.4625142712        8.3685438982
       -14.5515302136        1.5274397863        3.9370329784
       -15.0594835082        2.1472864582        7.6230959935
       -13.1932543065        1.7092768401       10.8997624684
       -15.7832946165        2.9140417061       13.4146934831
       -19.4386004092        3.7680377944       13.9352448406
       -21.6985404685        3.9701427806       16.9503691251
        21.3935650153       -2.9800403126       -1.9624389153
        17.9687176416       -2.4391902673       -0.4970366762
        14.7827562204       -0.8823229565       -1.8092640819
        11.6630427337       -2.6614619497       -3.0235817202
         7.9880189427       -2.2025792255       -2.1957919099
         5.3736737119        0.0151202119       -0.6542184392
        -0.9267656929       19.8039473046      -16.9907500888
        -3.7608079595       17.6137898396      -18.2081117243
        -2.8401875643       14.2688968848      -19.7476679706
         0.9500908116       13.9690821093      -19.9272766256
         4.4391914904       15.4947313317      -19.8945086115
         5.8863522666       17.7958278414      -17.2316019360
         6.8211456927        0.9285526408       26.1967955913
         4.1203331537       -0.6954790463       24.0828306827
         2.1429882042       -0.5212980099       20.8466099875
         0.5190878022        1.4934554842       18.0347679773
        -1.1636131846        2.3008050756       14.7238372467
        -0.4632635927        0.6341804030       11.3968320061
        -4.7401848685        5.4171122649      -12.2748204520
        -2.8107815847        3.4938776318      -14.8991023795
         0.9045276393        3.5231344405      -14.0577828371
         1.9724444716        6.7322930206      -15.8145647407
         3.5186621915        8.5463847910      -18.7433931237
         3.3981990911        8.5074802564      -22.5285060691
         8.8068457990       -6.6105841485      -18.0988452388
        10.6590781366       -3.9449568552      -20.0286659893
         9.3410545875       -0.5637846117      -18.8801394179
        11.5022626157        2.1748551282      -17.4209194244
        15.0427325211        2.1266786089      -18.7502897438
        15.1013409366        1.1979401748      -22.4223547746
        11.2613394734       23.1735008738        5.0635647850
        12.9512931737       23.2787888080        1.6433553628
        10.2058675382       22.0517431539       -0.6722075206
         9.9004905493       18.2879739837       -0.2728866027
        11.4983649540       16.4794088012        2.6533557745
         9.3841236143       13.8211088151        4.2754066632
         0.3531407837        7.6518629686       10.1468793738
         3.1077814036        9.8638205090       11.4623967610
         5.3726112076       11.9884969287        9.2748058296
         4.9667480150       15.7481886521        9.6265523105
         4.7250685717       16.6152912671       13.3021294461
         4.0317788616       18.8188906901       16.3017119605
       -19.9375464917       -3.5026174446       14.7950014183
       -17.1525910496       -2.9564688753       12.2946207025
       -13.4595865899       -2.6782914826       13.0075975705
       -12.7909093461       -0.5099631029       16.0382351163
       -15.3969362846        0.4659432040       18.6172107863
       -17.8126817845       -0.5052351780       21.3461845648
        -7.9571410278       11.8598631135       -4.7426163886
        -6.9919291175       11.2405903473       -8.3382335353
        -8.8714418800       13.8386609246      -10.3718465428
        -9.2828091318       16.9551127351       -8.2306733283
       -11.3124521611       19.2401988137      -10.4842385353
        -9.9798736977       19.3897694568      -14.0356091904
         3.8285787364      -12.9923324734       -1.8415710201
         6.9049543646      -10.8247547748       -2.1512452285
         9.0800613149      -12.3211396501       -4.8744843967
         9.7161523052      -13.0202735074       -8.5528496779
        11.7302066683      -16.2439112319       -8.6110319349
        13.5382886368      -19.2950365136       -9.9116237356
        17.0353553005       -3.5264805755        6.4526774865
        17.5119122580       -6.5480136254        8.6541818987
        15.5738568383       -9.7912501604        8.5845986869
        17.2533438764      -12.6021158626        6.6825763456
        21.0046714609      -12.6801664230        6.4396114296
        23.4750550947      -11.2897607678        8.9373889590
       -20.2764817443      -13.4079630515       -9.5977737198
       -19.7350266250      -13.7656351180       -5.8458063939
       -17.7992297915      -11.5589099656       -3.4378883768
       -19.5853048670       -8.3547788926       -2.3934129528
       -20.4931050073       -8.9297914027        1.2470537684
       -24.0906751171       -9.6788075347        2.1484044844
       -24.6175770277       -0.0127300466       -3.1067601490
       -23.5281238376       -3.2227842970       -1.3889813473
       -20.2969027180       -2.6453893927        0.5181802318
       -19.6382767267        1.0977245528        0.7890171575
       -17.7165752404        1.9681062470       -2.3723413404
       -17.4064331916       -1.1739314153       -4.4755908029
        15.7729050731       -6.5841854911       18.7548269829
        14.7930183030       -4.8945165840       15.5096982088
        11.1800665799       -3.7080943021       15.3684702592
        10.7674495307       -0.0474906595       16.3557759972
        10.4795859148       -0.0774698591       20.1420558721
         9.8627220287       -3.6391016660       21.2937543521
       -10.1798920147        4.7595228462       15.1594755631
        -6.8329902737        6.4756673351       14.9438470762
        -5.4485480862        7.6444610529       11.6067248472
        -4.9547095218        4.2942218133        9.8318565106
        -8.2761704116        3.9261136389        8.0070201608
        -8.3360624046        6.7496076349        5.4620283879
        22.5609785166       11.4281488351        5.0630163774
        20.5350447935        8.2422262609        4.8880850903
        17.4438431143        6.8244995431        6.5378965768
        16.2644290784        3.9882281373        4.2908737740
        16.6789668915        4.3492746754        0.5604898475
        17.9943493513        5.2748578842       -2.8181275297
         5.1907271499       12.5026122886       -5.3131229061
         6.1460848179       13.8297100685       -1.8972823211
         3.6323407481       16.6093650367       -1.2696402742
         3.1767855619       18.2687807701       -4.6800470274
         6.4467186334       20.1761638061       -4.9569863999
         7.4314891621       23.7016769508       -5.8896903484
        -6.9112036995       -0.7771561595      -23.4362138611
        -6.3180012975       -1.2910337565      -19.7208052532
        -2.5635473946       -0.8990781314      -19.2407311997
        -1.1140795448       -2.2220062707      -22.5117169423
         0.6719144316       -1.0862564728      -25.6420325637
         1.7374609568        2.4133000882      -26.6768263034
       -16.6675811068       -7.3492062232       -7.5913363064
       -14.1844302691      -10.0371309411       -8.4621638229
       -11.0241803108      -12.0111294658       -9.1067412829
       -11.0787661055      -15.7837149875       -9.5748254135
       -14.4504084685      -17.3675145546      -10.2896213507
       -16.1042120667      -19.8510047941       -7.9400414183
         9.8666050059       19.1108521461      -11.2252990264
         9.7290991393       15.7906230475       -9.4207566190
        10.8897660083       14.3973133250       -6.0841570828
        12.9580736027       16.1730803309       -3.4381807520
        13.5513030975       19.6375512863       -4.8901259624
        16.8308588790       21.4932768901       -5.1425576008
        -5.9511950981       -7.2779412368       23.9320682167
        -7.8911065226       -8.2611733430       20.8404768350
        -5.5198666162       -8.5460841629       17.8916318101
        -2.1398102904       -9.5587781327       19.2694341012
        -2.3603261526      -13.0331121980       20.7314758224
        -2.1296744339      -16.0407958272       18.4391163711
       -18.1393266457      -16.1012923059        0.8399802497
       -15.0576957443      -17.3352084218        2.6967327379
       -11.5103674190      -16.1608502391        1.9596420592
        -9.1684668528      -18.1971971429       -0.2473911677
       -10.8599524285      -21.5010224184       -1.0585315096
       -10.7456491387      -23.2847554236        2.3145036966
        -0.1050154231        1.7861208143       -8.1962301383
         3.5001606099        1.3297174098       -7.1356494742
         5.7274033007        4.2199705291       -6.0767928774
         7.3489324806        7.0517748279       -4.0857451944
         5.5912705323        6.9892330157       -0.7091549261
         2.0035418473        6.4249414026       -1.8599141353
       -11.6586722190       16.8402074133       11.7765765192
        -8.6924827479       15.8663200973       13.8938560480
        -7.1545711853       12.4652296376       13.2267303372
        -8.3581172541       11.1999530256        9.8454170270
       -11.8078579338        9.8837779464       10.6044890106
       -15.1315707204        8.4385816413       11.4510043336
        -0.3239815349      -13.6838508625      -20.4658093041
        -1.6180124823      -11.8975379024      -17.4033916490
        -0.9810902321       -8.4565952681      -15.9633207112
        -1.8979500261       -8.7722177221      -12.3049158780
        -3.6669852071      -10.9862426716       -9.8718144080
        -5.8365531781      -13.5355980385      -11.5964215006
        20.1668868236      -10.8832137745      -11.4534989234
        16.6544086192      -12.1358591105      -12.1707450804
        13.9638762380      -10.7700357001       -9.8655244266
        13.9406905542      -11.4103009498       -6.1180544307
        17.0862150238      -13.2374678145       -5.0716041973
        18.9237358105      -16.1665333845       -6.5928570565
         7.7934457708      -22.7696345404        7.9846116626
         6.4073939225      -19.2519676553        8.1646806911
         6.0661902428      -16.1975564298        5.9810207721
         5.8559040358      -13.1326678029        3.7448530588
         5.2385434620      -10.3333951919        6.2155959522
         3.5652927151       -8.6983999358        9.1626854504
        -7.2055458886       -1.0813744253       12.9038085543
        -7.9642854273       -4.5416663810       14.1602883244
        -6.4217664916       -7.8416080039       13.0962633375
        -8.1203834767       -8.4032371605        9.7410552486
       -11.1927411103      -10.5873041321        9.8169944360
       -11.6401190175      -13.3515508365        7.3326103089
         2.1335746567       -5.4653570176       -4.6167468366
        -0.6105908588       -8.0572659112       -4.2188330661
        -1.5717080732      -11.7208605843       -3.9341235336
         0.0132711672      -14.1513317231       -6.3943027925
         0.2737119387      -16.8452291475       -9.0543727858
         0.2982344764      -16.7134555468      -12.7991262093
        10.8248778747       20.3111821391       12.6998437810
        11.4156532526       17.7461755172        9.9717109716
         9.5676954005       14.4519317829       10.1212135715
        10.4552292349       10.7599473104       10.1510016997
        14.2170669070       10.6258221796       10.5825841209
        15.6402738183       12.5069003323        7.6132135083
        -7.6278329176       -8.5800646105        3.8098376401
        -6.3276354602       -8.2608255505        0.2793724747
        -3.3914996597       -5.8883488063        0.5150032491
        -3.5419308659       -3.1342837308        3.0966778536
        -4.3338713272       -2.9995378477        6.7817536344
        -2.8657864849       -6.0078000660        8.5302306684
        -1.4352546252      -25.8632382821        9.8320504590
         1.0883258337      -24.4376582048        7.3829819701
         0.7087188741      -20.7505585974        6.5731512598
        -1.2256315746      -20.6726899565        3.2870845404
        -3.4199288025      -23.4851855581        1.9732687069
        -4.4995013417      -24.2480322298       -1.5809684849
         1.6027213545       -3.9681316416      -11.9545826075
        -1.8930125463       -3.0492447225      -13.0620831306
        -4.2303613164       -4.7020951082      -10.5252380477
        -3.2048480873       -3.3693638916       -7.1066874996
        -4.1146449761       -1.7930967234       -3.7651536040
        -1.5256489388       -0.1116705770       -1.5618824921
        10.1093546101       16.1373651673       18.7889031847
        10.6651143887       13.7513306637       15.9136591036
         8.1422986332       11.6513195333       14.0537098524
         6.3318346951        9.6344656894       16.6871018270
         3.8544026223       11.8820385506       18.4012748684
         3.7801147497       13.6136678409       21.7495418108
        10.8974317505      -13.9046494264        9.1764661080
        11.5687135050      -13.1050830633        5.5693575141
        10.9336288432      -12.3924731758        1.9207154916
        13.6597693013      -14.2020812674       -0.0296686909
        16.8581228057      -15.6538224238        1.3975386731
        20.3705978979      -16.6898905075        0.4316976789
         0.9361584851       22.5806204110       -8.9404781745
         2.8867522959       20.1434175943      -11.0910662053
         3.7431749401       16.9071881529       -9.3165734218
         4.3194528417       13.9569777170      -11.6221272280
         1.3058311802       13.5010826810      -13.8703722557
        -1.8119575249       11.4531210190      -14.4771457498
         4.3982459404      -22.4840363381      -11.9409434154
         6.7650924090      -19.5532338724      -12.1954504491
         6.1536407857      -16.0406514403      -10.8904476999
         5.9173384137      -15.8338247587       -7.0874161251
         5.6822362766      -19.1746204988       -5.3292488894
         8.4101122491      -21.7898805030       -5.3310303198
        -3.9290328038       17.2948339050      -11.0303512478
        -2.1563680605       16.2617709613       -7.8497228402
        -4.7509899603       16.7665167140       -5.1171823328
        -6.9171256520       19.8870272068       -5.1259626370
        -6.1154931541       22.9321414229       -7.2080920177
        -5.8034308020       24.1777197593      -10.7774376368
         8.7307733672        0.6295061079        5.2562090817
        11.9270242538       -0.0406084121        3.3988599356
        12.4045344130       -3.4428812770        1.8248343321
        10.8321788991       -6.6392015484        0.4453329888
        13.9376888992       -8.2799347888       -0.9982612036
        16.1851993936       -8.7981129254        2.0139616289
        21.1269588687        9.5837589537       11.9400751228
        23.0483404334        6.3549509517       11.3386571146
        20.6713751751        4.1537701195        9.3978519572
        19.5133313761        1.6951070615        6.7906923841
        22.0612659742        1.2532266803        4.0285778971
        25.2890531518        2.7940852920        5.2992043992
        -1.0061992409      -11.4821791883        3.4941217764
         0.0723473889      -14.8902541673        4.7618218943
         2.4994880762      -16.7972805612        2.5703352700
         3.7664061337      -20.3299576161        3.0038263648
         3.7934110558      -23.2423617854        0.6062577774
         7.0993614936      -25.0575332452        1.0164744381
         1.2022040595      -24.5648102476       -5.9228861588
        -1.6987039692      -23.5092428578       -8.1319586205
        -1.7781953228      -22.3505106569      -11.7537471846
        -4.6110928758      -19.8437315301      -12.1369565693
        -5.7681401959      -19.1627884095      -15.7043497973
        -9.5366501704      -18.7762920593      -15.2551782146
       -14.1142268633      -10.2547850699      -18.2977102543
       -14.7977990516      -12.2870113986      -15.1697814597
       -11.4091335972      -13.2695719034      -13.7918580970
        -8.8762853061      -12.8851328570      -16.5963157928
        -7.8592816186      -13.5067690357      -20.1755251510
        -9.5403690781      -12.2238711460      -23.3276928041
       -17.6245602710        1.4324301123      -16.4642657198
       -17.0427026231        2.0466670415      -12.7649665610
       -16.7580401290       -0.7202762632      -10.2217256255
       -20.0983311167       -2.4852349894       -9.8879935244
       -23.0613732886       -4.3455068127       -8.4433898906
       -23.7185283576       -7.7297362503       -6.8544019008
       -24.8222392199       -0.3187190324       10.7274372462
       -22.0113212172        0.6617591583        8.4003022362
       -20.0421588019       -0.7564180825        5.4721607391
       -21.8226318215       -4.0340148777        4.7027506717
       -21.2580655786       -6.2303567157        7.7270287263
       -23.8218607234       -7.6850489035       10.0778492357
       -24.4752192574        9.3016031938       -6.7138123430
       -23.3002113273        6.9228177628       -3.9885640470
       -19.6079575651        7.5783198687       -3.5278413474
       -19.1505958713       11.2326433285       -4.4427789289
       -20.6879910333       13.6545763031       -1.9831989389
       -19.7715504575       17.3066378619       -1.4483591485
        -2.4109028758       -3.5654384382       18.4651014357
        -1.0546533394       -5.1680337127       15.3153755969
         2.2787194169       -6.8070207863       14.6062446904
         5.8381155616       -8.1240895158       14.7662809265
         8.8510891659       -9.1113061765       16.8447211645
        11.4346736470      -11.7151259676       15.8851420711
        -5.0312229277       23.7044621216        6.6916589850
        -1.9123164988       22.6994885577        4.7689512960
        -1.7375050857       19.0162672272        3.9204797270
        -0.2719885305       18.5548603473        0.4694649936
        -1.4920986240       20.8060031476       -2.2892360533
        -1.0764611275       24.5700750019       -2.2459610637
        -9.5660105335       12.2260135152      -19.7953311259
        -8.4516863034       12.9222265734      -16.2560133801
        -8.2258823009       10.0033997914      -13.8792355207
       -10.0365024403        7.0085451648      -15.2972126210
       -13.7259942776        7.3599870978      -16.0061162445
       -16.0787576930        8.6056921742      -18.6898274950
        17.1306989159       -6.3704572666       -6.8656669747
        16.0429141267       -2.8206373255       -7.3155098222
        16.9812732568        0.6211290441       -6.1175506325
        20.7297760240        1.1030046491       -6.3968314284
        23.3686950636       -0.8516012476       -8.2901940029
        22.5404956836       -3.8073348429      -10.5246390965
        23.1843761206       -5.8970876786        4.2164195884
        24.4816161184       -8.5894436092        1.8865774089
        21.6141411442      -10.7502327333        0.6202802433
        20.3581104088       -8.9079769517       -2.4713962660
        23.1375726396       -9.2907463715       -5.0711861790
        24.6618791459      -12.6969725038       -4.3221743242
       -12.8310950815       23.6787597391       -5.0884820760
       -13.3679839890       20.3241884320       -3.4184146609
       -10.8638219228       17.5145470345       -3.7021625049
        -7.9165558767       16.8818037800       -1.4386712540
        -7.5290920739       19.4289655835        1.3134127478
        -7.8755063933       23.0259534500        0.1714719557
         2.4670178809       14.7506165287        4.3276238638
         2.1913520046       10.9912187219        4.1092517703
        -1.1668494127        9.2149758574        4.1215658889
        -4.4825528826       10.8984882823        3.3108709506
        -3.5879618081       13.6834465159        0.8988908265
        -1.1601345517       12.8519621598       -1.8681877482
       -12.1795205432       -5.4486920132      -23.5844928602
       -13.6893141942       -3.6220781157      -20.5991514929
       -11.4957543100       -4.2930874615      -17.5893171055
        -8.9867390752       -6.9173408527      -18.7975895528
        -6.8730823475       -7.3656991687      -15.6680845834
        -9.5312116366       -7.5974879151      -12.9951541845
         4.0792864524      -10.5631293925       -9.0194446774
         3.5787278355      -10.7581121101      -12.7464571879
         3.7773250804       -8.2689991823      -15.5965847428
         3.0008678217       -8.3868858110      -19.3132372961
         2.5925424635       -7.6886567310      -23.0147109072
         5.7462006977       -6.3895897467      -24.6550697162
        12.6175185692       -2.1984691472      -13.6070514826
        13.6276067948       -5.7753523332      -13.0718481391
        17.4219393777       -5.7726396137      -12.9422120935
        18.5051927873       -3.2070866466      -15.5422859132
        17.6228148713       -4.7930788610      -18.8893650031
        16.3687777447       -8.4002746488      -18.7892563084
       -12.9244755146      -15.1781415242       -3.8334274484
        -9.7375992501      -13.2296726611       -3.4843160583
        -6.1768612120      -12.5691745337       -4.5562745927
        -4.8369431362      -15.6806641395       -6.2702868404
        -6.8337289295      -18.8772255648       -6.5380743922
        -8.9239029767      -21.5371766275       -8.2259791019
        12.7527265838       -0.1988568344       10.8115898394
        14.4703531550        3.0203476369        9.8946617826
        16.6426812346        5.4017644459       11.8854630444
        18.6257875329        4.4450926393       14.9799843551
        16.2372476914        2.3147994783       17.0228696443
        17.8129204058        0.2304315193       19.7567321496
        -3.9755824132       -6.7123685349      -26.1123452016
        -4.3722918553       -7.5913002079      -22.4576594897
        -2.4277405463       -5.9366685099      -19.6782857691
         0.6836228686       -4.3899040356      -18.1816225191
         3.5757501237       -2.0837483005      -18.9209991640
         2.9871204313        1.6021749175      -19.4446786841
       -16.8409742550       -7.5809204595       20.0672386565
       -13.9526947997       -6.1723593292       18.0802675806
       -13.0383304427       -7.4354764339       14.6233248163
       -10.3033427604       -9.9219223860       15.5768146300
        -8.3351627411      -13.1391413344       15.7949585784
        -9.4316308313      -15.5203476450       18.5115224291
        -8.0494412081       -7.0362534314       -6.2594968257
       -10.3865488950       -4.1112275614       -6.5485084056
       -12.7224111040       -3.3192958619       -9.4218228235
       -13.8323948639       -3.4386633179      -13.0451136434
       -16.8830406074       -5.2747583565      -14.2806036469
       -19.9411470861       -7.4863704040      -13.9479075246
       -11.2104321767        5.6484496361       -9.4182105678
       -12.1483243506        2.5753935299       -7.4275882852
       -10.0900185538        1.4041458503       -4.4465895492
       -12.1314205935       -0.5528407175       -1.8908466374
        -9.7157093853       -2.1965670148        0.5504101984
        -7.7511300838        0.7762040321        1.7817538922
        -5.3668898093       16.5856278520        7.7784352212
        -3.2191683703       13.5402062529        8.4316494345
         0.1346578957       14.7324166514        9.7405631226
         0.3956984150       18.3944737799        8.7418515511
        -0.8906515225       20.5681385402       11.5702385125
        -4.1066769730       21.1141987529       13.4770653937
         8.1124785563        0.2967627874      -24.8558803455
         8.5294072270        3.7159486980      -23.3011881677
         8.2005421125        4.9318390696      -19.7365536442
        11.0519538493        6.8705240622      -18.1239679826
        12.7374485840        8.8461016394      -20.8952198282
         9.9497219963       11.0315951407      -22.2974996247
        -2.6894644303        4.8194866433      -21.9149640926
        -3.3794914675        8.3142222156      -20.5846156592
        -5.8132767785        7.8263746978      -17.7148710959
        -7.6039221166        4.5782203191      -18.5821262593
        -9.8468370337        5.3744242490      -21.5372512286
       -12.8326330422        3.0709297089      -21.7606951396
        -1.7777355653        3.2609559421        4.7068933848
         1.9613607366        3.7809987875        4.5631780732
         3.7348730344        3.2310249322        7.8752548320
         5.2603962217        0.4300873564        9.9099912525
         5.9267088309       -2.4336901874       12.2681540176
         5.1118006621       -1.6704942407       15.8724956062
         8.6344511151       11.5823930835      -15.1937373422
        11.6629930787       13.7995084786      -15.8499211686
        14.1366653745       12.2247230879      -13.4307062375
        14.0986441108        8.5939389204      -14.6379925156
        17.6665938144        8.2084601828      -15.8605454113
        19.8910864547       10.4655295715      -13.7650053160
         6.4475089938        0.9551418067      -13.4230257890
         7.3377543467        4.5930758022      -13.8603981089
        11.0699107338        5.0719851973      -13.3582944626
        14.5255053864        3.5632699007      -12.9438955436
        17.8943935648        2.0927307687      -11.9852276457
        20.9059622891        2.2108767240      -14.2851081728
        -4.2205325691      -12.9153973292        9.9533587238
        -1.8654328378      -11.9118367713       12.7363258545
         0.5172278411      -11.1766441043       15.5769822248
         2.7170335064       -9.9074531984       18.3969443384
         3.3943022226       -6.9484694399       20.6731963345
         1.1097647822       -7.0454020055       23.7033529243
       -13.8492220866      -10.3844158613        1.4038673508
       -13.6530083264       -7.6241118142       -1.1789776855
       -15.4670879217       -4.5106182230        0.0424338904
       -16.9063432479       -4.3506879134        3.5532534490
       -14.2051505490       -5.1653830221        6.0776412090
       -11.1260815144       -3.6112293484        7.5913857349
        15.2761334545        7.8031162362       -8.8129134244
        11.7494568947        9.1375185542       -8.9066326874
         8.4343491676        7.3448538651       -8.6997859051
         5.8500100673        9.5103597652      -10.4459666436
         2.4907830700        7.8582890713       -9.9450553166
        -0.4156916963        9.1156406158       -7.8963591945
        24.0887135837       14.7094482341       -1.2864966671
        21.4815308970       16.3073011904       -3.5331249581
        17.8320772255       15.8134943743       -2.6662336014
        16.6447943565       18.1819258517        0.0562864478
        18.6300360356       17.2324989011        3.1510470731
        17.3010689933       19.2794022460        6.0700376405
        -3.1830819221       -0.8625576706       25.0830648388
        -2.1580837874        2.4748888799       23.6115782013
        -3.6123215982        2.6541160909       20.1241382796
        -6.5612233812        1.1050767846       18.3470304432
        -8.6868845629       -1.2812881413       20.3756447327
       -10.6321717673       -1.5409998189       23.6093307333
       -10.6033976443        1.1013992037      -14.9620679232
        -8.3567349550       -0.6782118883      -12.5397646048
        -6.1963322301       -0.1851730660       -9.4674865305
        -6.1206793418        2.7835011222       -7.1219156947
        -5.3755504886        5.2963981800       -4.4009616850
        -4.8267665633        6.6638917160       -0.9098592296
       -17.6508342716       16.2917795373       -8.0122181668
       -14.7188176263       14.2830822346       -6.7033549498
       -12.9003782905       11.3312042027       -8.1777493801
       -12.6722487998       11.3954465141      -11.9482125415
       -14.9109736925       13.8286197113      -13.7975275700
       -15.3114974848       15.6423380029      -17.0930719070
         3.8100840402        6.2942135334       22.6816631491
         5.1273003559        4.6587373733       19.5242708421
         3.3033570395        5.8590593835       16.4181258949
         4.4042152340        4.0044790358       13.2822416213
         8.0663067246        4.8316839415       12.7780297837
        10.7150186009        6.0643042452       15.1618075857
        10.9311413066        1.8241059596       -8.1100973202
        11.6891345275        3.2692288643       -4.7358713368
        10.3492655280        3.3077541676       -1.2273956574
        10.9965586995        5.6006480451        1.6885104973
        11.3382150800        7.2151540014        5.0850254606
         7.7477796027        7.3761477877        6.2935030790
        10.1998969960        9.4930946656       21.4857435077
        11.0099712660        6.2467993033       23.2621874597
        14.2821006555        4.6586199313       22.1896191716
        16.4294515704        7.3567015502       20.5807666141
        16.3366494976        9.5142343411       17.4578220381
        17.5170335961       13.0966476291       17.0199439629
        17.2829194944      -14.2977386905       12.4478665860
        18.4807647787      -11.0106519135       13.9262624922
        20.3811375799       -7.7009124825       13.7830431844
        22.9344814318       -5.9679650884       11.5339368410
        23.0029231778       -2.3029195023       10.4423767335
        20.0385647090       -0.9277400615       12.3732217703
        -7.5497140237      -23.9846322080       13.2121895417
        -6.0852673350      -21.1056530393       15.2097075009
        -5.4992735285      -17.7741794789       13.4841938055
        -8.5372399616      -16.8427512696       11.3748524356
       -11.9156900570      -18.4513309058       12.0164328269
       -12.4741981260      -20.5347009879        8.8699239954
        12.3001692059       10.1414579996       -1.7896282817
        15.2554399949       11.1909964551        0.3524394288
        18.9821956036       11.7828807030        0.1187189711
        21.7158994100        9.3216109386       -0.8143639317
        24.6551837931        6.9303831557       -0.7700941371
        24.7419062803        3.4249884310       -2.2394230623
       -11.1602298878       12.0491666480       22.2769293084
        -8.6751907236       11.7976073309       19.4066654395
       -10.7535224748       10.7131679551       16.4164680679
       -13.8447083414       12.8283437769       15.8525824525
       -17.4903237662       13.8119530433       15.5129562457
       -20.4016110170       11.3694769586       15.2137353868
       -11.7788753366        5.8700606381       -0.9603286730
       -13.8068392133        8.0957042404       -3.2223654392
       -15.2817032832       11.0907456111       -1.4240049475
       -12.5419568248       13.7073586652       -1.1024346479
       -10.3582000630       12.4644226993        1.7383685187
       -11.0273297566       14.0341957783        5.0886292292
        -8.3392700882        5.1591189536       26.0238622972
        -8.2938809601        5.5655809618       22.2607987643
       -11.4136948890        3.9473226343       20.9324693392
       -14.1579820950        4.0618565853       23.5661259439
       -16.5059132575        6.7289156242       22.1719497477
       -15.5054128982        7.6115189821       18.6218595740
         3.4155375555      -21.7961591514       13.9756401471
         0.4587604122      -19.6812205991       12.9109623246
         0.1963784464      -17.1830729622       10.1112558883
         3.0011629876      -14.6315139194       10.0552333872
         5.1053093694      -14.2055845800       13.1768701667
         4.8449809421      -15.2468113551       16.8095117676
       -27.6954652697       -4.0122651826        4.9788085608
       -27.4931206206       -0.3860789227        3.8718466740
       -23.9928692976        0.7141473165        2.9361122493
       -23.5126036837        4.0678841333        1.2326952147
       -25.6249080021        6.5464271603        3.1766701334
       -24.8997256737       10.2168254379        2.5262224689
       -24.0459608230        0.9985113548      -13.1850623856
       -23.6079042325        2.7862913411       -9.8650863677
       -20.4969082161        2.7675689755       -7.7246142282
       -17.6050317791        5.2090860820       -7.4454278077
       -17.8368947379        8.3587738712       -9.5370446855
       -20.0765083933        8.5360933074      -12.5840080149
       -15.3975355612        8.4985096517        4.4060304012
       -18.3928603297        7.4368423825        2.3361201590
       -19.9124871652        4.6546540129        4.4585403446
       -19.4468528713        5.9302857991        8.0222509296
       -21.8210981568        8.7505272497        8.8255336656
       -24.8082699512        7.1095863260       10.5116277166
         5.6285642104       25.6662814443        0.9674197963
         4.4806191280       22.0992453070        1.4455389731
         6.1629305648       18.9308147657        2.5597927090
         6.8147652693       18.9091938882        6.2948784179
         5.3140633674       21.6730515204        8.4038515784
         3.9084166761       25.1687902272        8.0819062467
        13.9448708216      -24.3816351947       -1.5190130183
        15.4009948509      -21.1698682420       -2.9217156566
        13.4246077023      -17.9628016227       -3.1943006607
        10.0751473966      -16.3257313271       -2.4970198711
         8.5649155149      -17.6668628543        0.7190123869
        11.1729149147      -19.4852093117        2.7251181020
        10.5348412553       -7.1197074226       10.3276895906
        10.5917279195       -6.1645470161        6.6904807128
         8.0362285148       -5.2100323699        4.0593293611
         5.5306960596       -6.3376127367        1.4335398512
         2.0782190621       -5.2180333647        2.5586005393
         2.6492755819       -2.9106153072        5.5095168001
