      -13.255689599368967      -20.170340605110280        5.267570597116300
      -10.951753107203057      -17.403996699536922        4.110067907457256
      -10.571195765245751      -14.714959453980184        1.474715382931547
      -12.976019677398662      -15.129304840592399       -1.421883252670219
      -16.295695742909064      -16.772164487073724       -0.575090167124488
      -17.931232712754397      -15.427907732169256        2.565909650601042
       10.587599747113774        4.922697833775945       21.683446900696907
        6.813595575998257        4.715925793514731       21.444062906488575
        3.761157690787905        6.578049729113072       20.158497192064321
        1.217214341775166        8.986637373976402       21.636959153024637
        0.412325554494618       11.718203668551599       19.105865073276558
        1.083795682705766       10.285126796391681       15.666345735828335
       17.634606759338137      -17.128638315505309       10.709072994462955
       14.358899009406349      -18.884975902739747       11.438682443400889
       11.360908714302813      -17.786523089933787        9.385905389437301
       10.519849991891855      -19.451324354885671        6.066317277364374
       13.406450344176324      -21.609263188280948        4.885502247858414
       15.710406846498650      -21.221499136462810        1.897265556642466
      -14.756646151220741       -7.150374070097376       18.780262566735502
      -12.463386922312214       -4.808597268284160       16.891392736573721
      -11.284871949531354       -4.428213249960693       13.331595067035126
      -14.349117713140036       -5.003306683255968       11.144517107994169
      -17.019617691115332       -7.570116078332146       11.958529932050382
      -19.301461660521969       -9.945252840615435       13.798447605575351
       18.662387136686146       -8.815342464688280      -16.854236399070619
       15.778572058881826       -7.922821047097829      -19.160108259277841
       14.782764834338135       -4.312587649451315      -18.608077762501733
       11.267620859417583       -4.284763411376750      -17.170917058841560
        8.836282580921258       -3.433302864008991      -19.932984531160319
       10.404402484025759       -4.669160631652337      -23.155387638834849
      -10.549907794403959      -18.533848775282909       11.555151864170446
       -7.852761173537693      -16.156309599794923       10.381741452786313
       -4.591157715839562      -17.366417705734094       11.927210194517423
       -0.855752521780900      -17.268835175798014       11.296465302488722
        1.197879896743632      -16.093138311399620       14.236352837860281
        0.241923224600459      -18.090707056795608       17.302251725069773
        1.596138680931978      -20.156019902065282      -11.808519831687022
        2.198029127167896      -17.199838436313090       -9.536028792619968
        1.682237066539831      -14.732022926446932       -6.700398959306167
        2.984398282027904      -11.274460284763032       -7.567798945526309
        6.317503241477578      -11.185388768306835       -9.302548255964149
       10.065922630260346      -11.114241788570956       -9.703090571653908
      -14.892236121209255       20.896849949025444       -3.837030968185412
      -13.990951722823757       17.286550415647952       -3.154962218825320
      -16.856358384426574       15.169047714386242       -1.894676610816527
      -19.936889190332423       16.703118804203580       -0.302001601245270
      -22.967920333865532       14.552722713267864       -1.099585971783175
      -25.786690248283307       12.018152192901187       -1.165421495401818
      -12.678064454499223        1.031434704097622       11.796902238386849
      -10.044563434234814        3.672346981091642       11.226955017181195
       -9.478514686773925        7.204275423373527       12.430060561351798
      -12.989173827934243        8.681779250329118       12.113928550719342
      -12.427116283687850       12.278429756281088       13.132694968907836
      -13.888457013231809       14.711440508142536       15.617127001155204
       17.174099785560202       -4.906179987958834       -5.880774611434100
       13.555082443819094       -5.995958084866116       -6.036366213536525
       11.740866573119266       -2.648171304288431       -6.088022899358806
        9.827303836420988       -1.049927033611864       -3.224899548579010
        8.284741905878878       -4.080888534195677       -1.505537617645042
        6.746562673755000       -6.690940537311522       -3.798274831814314
       -3.959694727546335       18.057942914228253      -19.852803285545338
       -0.403166631707458       17.923108252232897      -18.521877838978451
        0.102621933043467       14.826679408107092      -16.370839835243348
       -2.914477968337791       12.559309233587646      -16.718434382734703
       -6.526628645897284       11.621607409137232      -17.316890960276282
       -7.977169572910404       12.179046197477827      -20.776388159023437
       -4.980841574528483        8.336294814143868       22.708496788719437
       -4.301298158830569        6.435822140549778       19.514839509605519
       -0.810286068206386        5.422506442701089       18.523712148120932
       -0.396691155766570        2.158849340832257       16.602663692978282
        3.343419201625603        2.274899023407050       15.877487240459994
        3.662762400719058        4.404062218437799       12.792346493884878
       -4.721898431494260       -2.482622703812806      -17.609347011633652
       -4.579569759726135        0.948906916012695      -19.084441943541851
       -2.621167746681498        2.679271741030176      -21.812884460247819
       -3.338266175921391        0.718216690565029      -24.997465459735611
       -1.587071250707984       -2.604642729318219      -24.378918736540417
       -2.909961806681497       -6.044914521860597      -25.244811182633594
        7.243977371445069      -16.115669177673180      -14.328966629338060
        4.470463744770546      -15.785831470833717      -16.895181825126581
        3.194219646036087      -12.642727957943050      -18.612164330244347
       -0.592739729789453      -12.636380502973878      -18.914717720638869
       -2.077258485679447      -12.597402136636594      -22.392458335364257
       -5.775668558703838      -13.499944653313847      -22.426141356792137
       10.907782626225746       18.472383641291536      -13.482967071699711
        9.193720701781594       16.552269918583239      -10.712578088790451
       10.689164867236647       14.504524600920094       -7.885467950971982
        9.852836273658255       13.668490479839416       -4.278545935444399
        9.348356377517277       14.904890701185540       -0.728969161582639
       10.516805392427184       18.114987971690976        0.914829872700812
       -0.473202512638125       12.749748896525615        6.727105253909991
        0.964432453492096        9.752496974409473        8.493985506279310
        4.125656476900569       10.502437470466218       10.395366064805664
        4.266260229894703       14.048049715786984       11.725451435055957
        1.475585022249590       16.528669850228443       12.361028234540438
       -1.228739891337263       17.416286688914003       14.870082108416502
      -17.900623645657923        8.538314325770449       16.249052306696782
      -17.765063302970294        5.499029847017182       14.012313764352099
      -19.580755281581730        3.252548941666720       11.568850969131274
      -22.594694678519467        1.948085578120734        9.678097614178917
      -25.867611463097120        2.101774759356255        7.796778239928614
      -26.521851219798108        4.790517023687724        5.200501509595146
       -7.207618175102800        5.181364280572785      -14.275745846382046
       -9.125666550400606        6.598531445214420      -11.344652388600450
       -9.143481303488910       10.336548609771917      -11.977310783954110
       -9.855772281760540       14.047091714751398      -11.676318238184868
      -12.254459517131483       14.796213254227474      -14.529757210365633
      -10.706918800509943       17.518115441098960      -16.696526717494745
        5.356674476995447       -9.457433117521095        2.504292580736346
        5.103307710637099      -12.607279315369917        0.464658884389980
        4.849987744700432      -12.545566643833283       -3.308849546602576
        6.393852334092930      -15.565207246762096       -4.994522511863811
        8.694012732633299      -17.592548346747591       -7.196263017868117
        8.266892867400207      -21.009163148116890       -8.761096501979026
       20.223594816082059       -1.942768428245834       -0.048987868974653
       19.395324418655832       -5.520255036496024        0.879267090463476
       18.171576042384153       -9.082878122361059        1.352728218664629
       18.842764491633076      -10.793967414453878        4.671710618208060
       19.639322625384718      -10.640158661849801        8.378275076872010
       22.654489477661205       -9.395040985429006       10.300911225789582
      -24.131100268381918        7.736642329142462       11.627726851449101
      -24.791735122539006        5.244136942772685       14.422869480595194
      -23.460380515131408        1.692664389742148       14.577386474087270
      -24.296226789999910       -1.502590774833436       12.682378448629425
      -23.765453624840031       -4.803455881888476       10.859654082296711
      -25.105646374405033       -4.837545594207737        7.306580338500809
      -25.668995059875105       -1.156320632878965        1.218798590939125
      -22.094418396510026       -0.532421346612259        2.302588112896386
      -18.901320340208603        0.971818469755260        0.901650380199306
      -15.249087849529413        1.100904913004913       -0.140758363962150
      -12.793163551422728        3.490970572593857        1.464174748636062
      -10.225359975952518        2.820352581420880        4.192460486270612
       23.376686522278707       -1.929918397580057        9.287613230174998
       20.361217078605520       -3.277193758024951        7.454233358930947
       17.135624092260713       -2.388345396122730        5.730580845775744
       14.249496801986362       -1.858096998772846        8.141123599754872
       14.936967343042740        1.172277840228402       10.267047541344562
       17.986064789835400        2.094744131647651       12.293132397193528
       -3.337393967023855        5.577119964909339       12.638762495215397
       -3.147540302799181        4.169684465918533        9.154426697563665
       -4.815223020448836        4.848173823090239        5.810308240880797
       -2.677341921035275        7.633897965985065        4.340110651086797
       -4.240389100269971        9.237798745863659        1.309185624985624
       -7.618087071623593        8.073349077204165        0.100488453789075
       21.017834190169243       13.902836823893923        4.931349631911237
       19.655073415808001       10.619468569268154        3.636093148773170
       21.799902704083667        7.940817385233839        2.029172927928864
       19.335129335785417        6.074569510877136       -0.172572891985424
       17.145929945788321        3.986909040481401       -2.424205886853706
       15.463843263754910        1.784136695743371       -4.957706380690284
        5.872893247244285        8.703946041109969       -5.038360072001180
        6.549116224749595       10.245065844347817       -8.418092366121991
        5.475284823793921        9.826227215103941      -12.016537638747094
        5.231424851610347       13.184728272856333      -13.789113406169536
        6.087568182192794       14.847863319644382      -17.093167891067463
        6.845756277064753       17.663803485216086      -19.502208740118220
       -7.488124851860671       -8.139098371247643      -13.614728458734813
       -5.465966763246779       -9.394555153006023      -16.538240977602459
       -5.087883365653106       -7.913935542358883      -19.995246542695522
       -7.972047781755777       -7.852596122488726      -22.463953818816673
       -9.764463928919122       -4.533781582901731      -22.038412354815776
       -8.713326270223975       -1.860822189782473      -24.516410641093181
      -16.321350109841397       -9.590857107343336       -1.312963973070314
      -13.745283677055804       -9.684745092085526        1.398793078363828
      -13.362171986018595       -7.071019876937478        4.088401034403295
      -13.557621716886088       -8.970762672854567        7.370324047207214
      -14.240227525825320      -12.659097683417649        7.955286638124823
      -16.476403771521479      -15.149872218997150        9.700008938287086
        1.727022413032389        3.379589270488521      -26.680535906359808
        1.986900031955580        5.770587326566053      -23.766401287644918
        4.604003013051921        7.176100400021014      -21.447864989422285
        7.021813625469580        9.623981686678736      -19.856852456637593
        9.267511673783298        8.522615064273548      -17.012438023752136
       10.885675160124823       10.529771067203534      -14.243454286302519
        2.581693046109374      -10.482058163277097       26.760134267038779
        2.986374189980484       -8.101533040502112       23.857155087102559
        2.083821948536857       -4.446630861317235       24.035766150974986
        2.343912076863993       -2.209299317631667       27.105048658849682
        5.934297671254275       -0.900976758968424       26.908953024136913
        8.017953498102077       -4.092935330469192       26.882137077961779
       -2.534111774384599      -14.428587053342850       23.145247156195762
       -1.452916524824291      -12.104319212155817       20.375444212384224
       -2.299817372896261      -11.881078050208371       16.700554435955645
       -5.524831594297624      -13.382413670516419       15.376275232479561
       -6.770608304859936      -16.216073799030795       17.543072356818829
       -6.577871825202490      -19.983349511351701       17.231033382034465
       -1.265428443113884       -4.760249988015543      -11.998700564957687
        1.268769588290743       -5.727508210148198       -9.362993554629501
        2.623792441818924       -3.449035743434457       -6.698384263491848
        5.346863661842435       -0.974875336174406       -5.870984816475457
        3.761344865170888        1.963317066863092       -4.064726422756337
        5.582296413604797        2.525054163117634       -0.799769524090657
      -16.750365294817055       20.783362827152828        3.106618159371433
      -15.067044137116003       17.430838087628874        3.594229120625143
      -11.827358525406989       17.282959006420125        5.540956213789165
      -11.291054873180460       13.574957391857422        6.203810561971465
      -10.242773737802322        9.951832499435142        6.620210302506836
       -6.775217259006346       10.073020870051998        8.047126335929763
      -11.543743613145539      -22.002126531225752       -1.468594263636043
      -10.987853880412668      -20.032821024562494       -4.658268752549365
       -9.578474265937110      -16.531450656568907       -4.770082749312094
       -7.297615232980738      -15.705165130908766       -1.840003092308860
       -5.521629697327569      -18.546011896939802       -0.074024939989589
       -4.316414877074506      -22.059523476592780       -0.753476117227920
       14.065821879259309      -16.768724261470513      -11.716551810330108
       14.155981638635927      -14.708065454742117      -14.929650275670987
       13.326761481377622      -11.023165008810791      -14.647387155371348
       12.750972451720065       -7.411186739797981      -13.638777520583535
       14.925239610755229       -4.481310934864002      -12.644670723382264
       14.358091254036816       -0.956959396054623      -11.449815509645161
        7.114898355571817      -20.005485591056853       16.879306175639922
        8.114109032087285      -17.272653444100349       14.471863289331958
        6.692642534037164      -16.934389085206000       10.973860485386304
        6.963602001832424      -13.165176458335587       10.504045671974247
        6.531613413855778       -9.469591641581442        9.839241630009273
        3.137349717545700       -7.987512446558005        9.173433251082823
       -8.828139315175923        0.866311232999035       18.729157770051771
       -6.311036999670192        0.034495352921698       16.035241023415431
       -6.306438142444833       -3.589860860302285       14.942964766505405
       -7.117063102715621       -6.745401612657978       12.998983714460453
       -3.795233825150118       -8.282560015326542       12.073145152469856
       -2.655243599355266      -11.524657281925803       10.522383769366423
       -0.523467505621950       -9.601285889972022       -3.238648828912953
       -1.464117574778531      -12.935821681620437       -1.754994803145093
       -0.446266473541902      -14.802871583740393        1.393369234019362
        0.473372066406088      -18.470786575629145        1.087503137904974
        2.258122347626334      -18.807076244298056       -2.245858232189812
        2.313061247429590      -21.989472776246238       -4.281693114512682
       17.795165052234758       19.060308441733078        0.249476325021168
       16.848846189700726       15.518010929024092       -0.664062150948739
       14.783907799075463       13.914661338821888       -3.411310322341878
       15.756253455048670       14.034206040097478       -7.076409683430777
       15.917850584916160       14.198209597319751      -10.849305319493050
       17.818630097775380       16.279494286133730      -13.368807614045613
       -9.512038034403156       -4.302035921792941        7.622637689362865
       -6.764650120277585       -2.108615258047505        8.956445057142673
       -5.277288519531324       -0.272592461283124        5.984532284722969
       -1.523957548738194       -0.824854207412770        6.139292134236752
        1.002676000008517       -1.322678444808454        8.923116570442826
       -0.699907443484077       -1.974660904828268       12.200086370956502
       -8.957173023199998      -10.642818854375710       21.220754396292605
       -6.985886760875513       -8.519952084025798       18.783849252143593
       -6.973508061406933       -4.849198221955160       19.619603997125445
       -5.433156832487657       -2.587252414449555       22.216918688823789
       -3.622369516647909       -3.725354174021955       25.340253911515497
       -3.961090575162965       -7.504496031042796       25.278974631888936
        0.234449257302120      -11.669775179706985      -13.149835827474364
       -2.281012516276798      -11.680597064030326      -10.322915267515807
       -4.608176924101753      -10.683536452577950       -7.501908101230728
       -4.596382487022717       -6.880805097630701       -7.325600521694967
       -4.820157082451891       -3.982140611050130       -4.884748887203397
       -2.705733186739999       -0.990239467640678       -5.867514480287305
        7.515564355378365       17.537519061126005        7.692050801012834
        6.200635442214805       14.466653989443275        5.924460607434535
        7.787298769508393       11.645522646528349        3.973754572211127
       11.157739489485742       10.996132196687535        5.598166438343810
       13.541875638912822       13.938262067144276        5.613614215666513
       14.872324927042174       17.301651399969387        6.698186817987909
       10.327041783115780      -13.498210447777534        5.371612380545738
       13.972041857286760      -14.483816940317174        4.962059967365844
       14.185643696319190      -15.511059142531820        1.309594544375725
       17.131082666847149      -13.657632800563109       -0.197171062569195
       20.184885919447133      -15.607940967638898        0.891781508698392
       20.873743035744397      -16.603668404501203        4.473124891859231
        1.901024594585168        8.989833830408548      -16.581068337833084
       -0.939890853402524        6.597612862560050      -17.177382200332254
       -3.738254248077161        6.994221766330361      -19.704486921228376
       -7.445687263347728        6.209755603732312      -20.140983560138711
       -7.904184667628900        5.410018232043260      -23.827337130319204
       -4.892054551688094        6.729392128215685      -25.725669301504649
        9.169339542042753      -18.437943705815115       -0.058296451819116
        9.341640851046556      -21.875010283731516       -1.632755775893070
       12.533745530317471      -23.113737964342778       -3.274563559621225
       13.774960810736568      -20.812644958906517       -6.039335209222711
       15.172605335555531      -17.700357613233294       -4.350529879390765
       18.604129926821265      -17.096599007735431       -5.826354675563326
       -4.730551183011841       16.892554800678649      -12.917515149013818
       -4.295211960894063       20.657485958870023      -12.752082733312971
       -2.050809899504771       21.835377424042644       -9.916140249253807
       -2.648188126487710       22.224405924784012       -6.184469861653679
       -5.605687470561399       24.466826242343544       -5.466277230081586
       -9.274903395051982       25.357059230886449       -5.095137743444819
       11.123795746413709        1.357831814051229        4.136517558235610
       13.458629398037502       -0.357975451849521        1.744459958547346
       14.217211140615039       -2.731929606035528       -1.088382315575390
       13.643138957023185       -6.327115827877073       -0.017937139047980
       12.322405827028419       -9.858047817151416       -0.291495363166024
       11.132893901174537      -12.242111027379220       -2.931492262972244
       24.156573108523318        6.746879085721283       -8.842780891360952
       21.034618567698210        4.646190307533119       -8.362713885812783
       19.643774830146061        1.285296131795769       -9.397230365276034
       20.253861238011265       -2.290126559299540      -10.475886951698572
       21.879516558667184       -5.649608790989534      -11.106108391836480
       24.876219091883424       -7.457828898537278       -9.669721294198526
       -4.518103167377562       -5.045089807684214        2.591323940115129
       -2.371189720140781       -6.708866606770594        5.200371428240560
       -0.505331477474552       -9.266780199695020        3.075698505048146
        0.635228987418572      -12.095784456706681        5.325065451327732
        2.606036386771935      -14.935569311160769        6.852867308357026
        4.701913579668781      -17.674651538820740        5.293201422412160
       -2.045375600511762      -23.104867749041592       12.597748816802353
        1.766233411482895      -23.233074593528382       12.704617296604836
        3.019992205604663      -20.442831558932603       10.433183924175488
        0.291210706774886      -20.462765513096944        7.772662446399441
       -2.983295987525231      -19.371074875647132        6.245189731606706
       -5.856173289163299      -21.834107427403975        6.493311199487898
      -23.813048881465740       -7.917266371001340       -0.322437138058337
      -23.040535276862244      -11.620135765259862       -0.557399451641802
      -20.745913918567950      -13.494226961183163       -2.933877056541713
      -21.361633228910748      -15.119679434114168       -6.313028455514234
      -18.268064225671367      -15.803504916346578       -8.429295573545335
      -15.109696204970952      -14.300815845407216       -6.992161694548948
      -20.976443585786068       -3.792434798892253      -12.026849464873315
      -17.618278769464030       -3.562761314114266      -10.318749949628060
      -15.638848045150620       -1.508258141979751       -7.855521423674526
      -16.524944845242810       -0.874168773146700       -4.230582190295148
      -19.160512711110112       -3.404253545658619       -3.293791418364826
      -22.390507114585834       -2.365815134775717       -4.984445804379238
      -21.807904242052409       16.303263962072872        5.725029786251092
      -24.188164976883318       13.346045114578191        6.015652311458602
      -23.690214546727692       10.087700466203472        4.142504405502070
      -21.472540244184628        7.786878389135039        6.185931017055913
      -19.057772158695752        4.900558240751106        5.790553924999200
      -15.740592653538842        5.726203332069097        7.358073114819819
      -21.727061794906195       10.015131318148198       -6.754786903518601
      -18.568733850731281       10.147922923280909       -4.673455159975700
      -15.116700216213548       11.653893778371406       -5.012890164151459
      -12.827521224858645       11.419358784634898       -1.993648074171157
      -14.513078513710225       10.345235209437082        1.219074716122092
      -17.972331469113332       11.124481356831286        2.495308051754914
       12.886751864412201      -11.962526854259032       11.719409957457724
       11.283186495284072      -10.753649327108848       14.938227340664335
       10.717288897429382       -7.046415761051720       14.341297511424154
       12.526729030690106       -5.197933825667405       11.557986713341236
       16.182108057368783       -5.662649662809906       12.514670850214356
       19.165045263620904       -4.503398523965655       14.531071102732723
        2.231347413682494       24.545404605568852       -3.647375507672375
        3.242230936031427       23.633222769113871       -7.171290375053686
        6.222438370960870       21.455813955371916       -8.115458720641037
        7.027347726386365       22.625345932366955      -11.657055186554960
        4.216960902809169       21.313473068405543      -13.887951200779998
        2.520241978899168       18.451030796674747      -12.079385493182727
      -12.808639382861566        8.267129178958948      -17.204965018983103
      -13.994594314827500        8.340467132746292      -20.803046674433045
      -17.345231869227849        6.523092723048881      -20.875389044833756
      -17.745834575953833        4.665695279486600      -17.579687874348387
      -17.323334447550874        2.026696438176125      -14.891789180184430
      -14.280186339745661        2.181009275487123      -12.654424733331185
       24.043905579369650      -12.491284592291121       -4.520393629785484
       20.888633501655811      -10.476244676526171       -3.996310432248229
       17.108236860311301      -10.719963379552338       -3.933201781577837
       15.417850494338017      -12.095999786100391       -7.044156220344211
       17.256983637707844      -10.690721025431847      -10.037059542311789
       20.247554316419507      -12.766405840953489      -11.091840252853872
       28.006131141224291       -2.673065107449243       -1.609230522219543
       25.933956981527295       -5.632423975065863       -2.724798249612182
       22.882025681967338       -4.685718406359858       -4.741328058786958
       22.610626104621346       -1.135341289306324       -6.072072616712665
       25.783550340369263       -0.472886903581302       -8.079412923536648
       25.588132925962668        0.312452875506057      -11.800333552595266
      -11.286616802823680       20.342021161416032      -10.081925711461881
       -8.988201384201968       18.587195051820867       -7.657551388459622
       -5.264898794796498       18.413354391805196       -7.106081561933321
       -1.722759431906091       17.312780042248232       -7.863342715233918
        0.776759433618471       17.429027413722988       -5.042877068361473
        4.330102670734978       16.265636530910491       -5.535603997571413
        2.969768454874627        8.778604493708228        1.539642760257574
        2.500850094952845       12.268646362253406        0.179026432717791
        0.750219424700553       11.789745490214518       -3.128940284963976
        0.826821068786118       11.489471195968360       -6.892001482697964
       -0.003460365350314       12.162538003930999      -10.517292473747796
       -3.106012522389641       10.119957010279970      -11.192203104594233
      -17.959669709281314      -10.464963642971606      -13.670631178413590
      -14.470626369819270       -9.922110789692624      -12.338907213514208
      -12.327187790166203       -8.823830654591896       -9.452796623712011
       -9.120342643609730       -8.482909180870374       -7.466587400187721
       -9.766368293425739      -10.661241593861295       -4.427412028419830
       -7.502515807094944       -9.644035417275873       -1.616967716160536
       -3.939498944785023      -17.358258266399872       -6.537109577121298
       -4.388872173510052      -20.902272703449949       -7.785163594939545
       -4.545616003461468      -20.690044269451942      -11.592344237038853
       -3.634518680276008      -17.074386213903281      -12.368912160814441
       -4.463949435071228      -16.335326111628664      -15.977334968919875
       -2.069757955767626      -18.472744251347695      -18.006028673967784
        8.082954731511439       -4.351466466627519      -10.236097600057676
        7.314391824838078       -2.274021897733742      -13.253621911159808
        4.397955347623809       -3.944173844367457      -14.997289422867240
        4.517656901797502       -7.631820207527796      -14.073039979523966
        7.436520329627293       -9.095105966397151      -15.990656239802703
        9.148826254569181      -10.627068138107603      -18.994093832551400
       -5.306341911416948      -13.075214841987394        4.248140102067331
       -8.057249701820155      -10.770354985307714        5.365657610509801
       -8.556913069979108      -10.213978089323836        9.060526852843513
      -11.113354394082082       -8.842000668631234       11.498363735192850
      -11.292715423578860      -11.439680052789052       14.228927421751845
      -13.512132976075987      -13.787051430795628       16.182096648138437
       21.695766275587797        4.797057830066651        7.158426431020807
       19.077616828675797        3.189693244243146        4.933110143134241
       16.050608347920662        4.974672120598717        3.536797273842732
       13.511741353131903        6.592740179574375        5.855509054911573
       15.409948404153877        8.017965174958512        8.804193076142342
       17.818301014985419       10.319384371894119       10.581805565593246
       -8.863194777005843      -14.158215398034935      -10.466634854062269
       -9.991835829507824      -17.677717376767685      -11.267749289925737
      -13.666617301392341      -17.389582963119004      -12.239032209216370
      -14.033506225254312      -15.186917010194895      -15.314942085995403
      -11.094027152539176      -13.799808442060883      -17.298703426669686
      -12.127541811152749      -10.561870753746652      -18.994377229650624
      -20.743230463121058       -3.612014911362717       17.274911034840741
      -18.485265434080073       -1.556728585339405       15.031164998601461
      -15.797217124532841        0.248840154291469       17.014159809408959
      -15.962197485930162       -1.331577424185267       20.475831676508257
      -13.672217474983459       -1.762111453327113       23.461187801928023
      -10.857760673657692       -4.224373903726943       24.103332543743239
      -10.546464290347290       -3.061767861109145        0.182396257252543
      -11.914182255621949       -4.150352777902431       -3.140696784240018
      -13.991264410564046       -5.952147610760921       -5.750444253040848
      -16.614130128499678       -8.375140580308777       -7.026420027722741
      -20.311098184479135       -9.165745040160688       -7.077918357402037
      -24.053143060725553       -9.105742537870722       -7.531231937661651
      -12.432036255092333        6.217332800205224       -5.015204929597862
      -11.774485390938649        2.592078536795428       -5.837699306252619
       -8.589019481600751        0.723123635986666       -4.978800712079609
       -7.628144020252483        2.129656927200964       -1.582762922798887
       -4.421017616406193        1.624485896029955        0.353808325209999
       -1.039309728186545        2.797936611595186        1.528105501109182
       -3.128114631479608       22.244426588577227        9.853739887608411
       -1.992443958606902       19.922591394804851        7.095586622451491
        1.543435741801561       18.606128860752641        6.708786591039015
        1.363425876876465       17.208607016455215        3.172885511567018
        3.721883010691410       19.290280218585337        1.090340616128383
        4.589522427442737       22.472635870155816        2.941538436818057
       -1.178765166110928       11.881494899915101      -22.424548856094489
        2.455281921185673       12.851900320235353      -22.751476111710712
        5.381446148386043       11.045302417522819      -24.385529711494733
        8.425553159227659       13.004613383025349      -23.216109095122789
       11.948938650924910       12.832975302899611      -21.846220302335585
       13.555531462727803       14.801857630430337      -19.029869066862084
      -14.564812009315240        1.069509101997385      -21.523508099592938
      -11.653397773655065        1.748553946904462      -19.211449332003372
       -9.911663606180834        0.259947751036825      -16.220782766520994
      -10.249813043840103       -3.508535873318399      -16.028512548716911
      -13.940695252908267       -4.228962605947160      -16.166107661042307
      -17.102599321261298       -4.798023883960153      -18.141017638553219
        4.710305245278968        3.835106947399646        6.033637403235417
        7.260199903359225        6.490550703524876        6.976809817940309
       10.020235074760327        5.380184926550640        9.330429593849027
        9.170721986101821        2.425565679994925       11.541783296789509
        8.127342447735508       -0.968404754674848       10.280429232361808
        6.534215581807435       -3.148159010805907       12.919536261845666
       19.911019128767464       -1.467662755761765      -16.600289688369237
       19.572921248578773        2.131574767318095      -15.456068596975035
       21.754420678140704        5.051139373489264      -14.379009989734946
       19.803317934729190        8.049091809733801      -13.050268661547232
       17.580706851035302        9.354342233398677      -15.820960785129790
       16.282145307651039        7.910087767140260      -19.072180519222737
        0.868030398801133       -6.837503082436498      -18.846218813354188
        3.279221871808360       -7.182321083771842      -21.749174855073719
        4.188280213201866       -3.977026794862070      -23.626596814148730
        5.826959682078509       -0.614041927055374      -24.423892390553767
        8.239862618012967        2.315746304405282      -23.971648445473189
        9.883965315945707        5.728200113587401      -23.581876480721977
        7.893246780164312       -6.143152527376378       19.373028041508370
        6.278096324478129       -2.787272162906315       20.063665489982228
        9.143836767434856       -0.840717011998947       21.622761491780921
       12.389908200280590       -1.674838730957087       23.390334913979125
       13.922941794232408       -5.111869161862604       22.850618853699064
       14.984058599277935       -6.889537280434359       19.669798267856308
      -21.523288352073592      -10.935985615334108        6.826102101543690
      -19.299027548477291       -8.274738913736050        5.323858370981474
      -19.089379925012778       -5.757325095330216        2.512611718142937
      -16.201998673365988       -3.354106445874159        2.035021104874132
      -15.567822346241163       -1.679141961719066        5.387010669075920
      -18.240297668607461       -1.702686692457653        8.026485912902034
        5.132840379106276        2.695350155320471      -17.605095667581427
        2.723233011939076        0.337596508526434      -19.348912131906342
        0.844395753996594       -1.334466801313910      -16.529146240329087
       -0.442859375395906        1.333215745762770      -14.180831897364163
        1.814770378101035        1.506366065380521      -11.109165531566186
        1.915516720710699        5.204975078259436      -10.335616252750301
       23.104134492972108       10.927908134268240       -2.880346443949224
       19.639337516814209       10.283812574698020       -4.253180777691162
       19.466882214590207       10.477917959062420       -8.023471074780813
       21.691722636186942       12.138106970484277      -10.614692707091613
       23.140080930222055       15.111722588959850       -8.729744932181136
       20.856294744892811       17.065121562797771       -6.397015586916867
       -6.696589024402106       13.642050690535291       18.065931755999916
       -5.789824613383638       11.743309679045945       14.928342987083244
       -3.281360205781969       12.469157637099659       12.179509420871151
       -4.546879587051448       15.416904913921574       10.134257912141269
       -8.045538697668370       16.887377221007448       10.171391219594433
       -8.449608623856967       18.798386892995428       13.414831839327190
      -10.383993802940642       -3.138545974572829       -9.876895445885653
       -7.510964493308387       -0.987051030859456      -10.971766953221282
       -4.224984740750260        0.820175428509227      -11.415525940197677
       -3.966424703933654        3.967484902382679       -9.300018120138617
       -4.863316491327167        5.564198447942677       -5.958045246581333
       -1.528925702703081        6.523085351913056       -4.441178942300210
      -19.925084583505804       16.918087128305626       -7.086896474355741
      -17.157939238823115       15.662715683296318       -9.357855573006526
      -13.591493194469370       14.663661814610608       -8.535822571894967
      -13.138919471506831       10.987041257617697       -9.367756082088517
      -15.795862495758991        8.820152748029574      -10.931345367633021
      -18.791555869551566        8.980430332669162      -13.227546361496094
        6.655876103280744       14.626295537683557       17.235707671175607
        7.905777346143219       11.267671003037698       18.512413940972451
        6.579614390719482        8.407579077393372       16.427536703691906
        7.783799659944157        8.716952455707602       12.841450985870869
        9.862963388318244       11.538727590921937       11.417714220253245
       12.141955374075579       14.266798611562759       12.692368984584393
        8.714485105164602        4.309929321149871      -11.571749797260459
        9.265901708991798        2.664445474716969       -8.253750317275269
        9.750942360169867        4.046459951276900       -4.784118032714876
       11.222117107485225        4.261580538058423       -1.310360326991471
       10.381383492577948        7.518458601255337        0.459551160654182
       13.667736352636128        9.379109966974919        0.415882472690185
       15.163293365376431        0.365121384883486       18.444203821728347
       12.343678556613792       -1.141485804012534       16.413970076658259
        9.206658884468158        0.967600367670738       16.601462099007918
        9.180848478431384        4.643417576700757       15.747293033967727
       12.603062396694167        6.024974799400770       14.942981784270629
       14.461745082210927        8.747105289785429       16.778099281606387
       24.333197434471483        3.585854744772859       -2.268770219606536
       25.349617401784492        3.148282739203830        1.348422546904374
       24.427187764836386        0.320319472278042        3.706534334884620
       24.892376640293275       -3.433007940592838        3.409984071745264
       25.585076245182897       -7.046931102813166        4.296607833670801
       24.433577390047343      -10.239575308742635        2.608212296125859
       -0.901010082332959       -4.811049428670175       18.641231857013448
        1.502321126566776       -6.920841362222374       16.602624835828610
        1.825335633231920      -10.124625756391520       14.605728885988851
        5.247927733232842      -11.656287955260121       15.265119529013804
        5.348448155360472      -12.660881112624351       18.920582444968751
        4.909807244167609      -15.161699847875115       21.730940704170060
       12.986055084814767        8.805788500830865       -6.368426523486208
       14.691868436466844        7.346392548976964       -9.364508433193354
       15.883236486592697        4.756825712500087      -11.811873290071734
       13.689749912948916        4.502005121509956      -14.893662957513294
       12.335631669871550        2.025449978916202      -17.426994260853753
       14.420028644805514        1.197346064103314      -20.484992985948164
      -20.466329771453946        3.017476387553805       20.172717770068239
      -17.375816700497655        4.417360917877943       21.899092856309117
      -14.191151697743637        3.358046975322059       20.161579465795846
      -12.825144086830853        4.688915966971575       16.870912959822693
      -10.917446078192270        7.714799495784153       18.105390362596477
      -12.408632053664371        9.956454181855507       20.755781849600979
       -8.324740223533665       11.870187367855474       -6.032214752997592
       -4.887001666212520       12.920844121894451       -4.881582297920439
       -3.223441537489169       14.376780659877099       -1.811643210080427
       -2.798077347095949       15.134235411915776        1.872847697754033
       -6.217838570937152       15.572928450403486        3.469292722983922
       -8.830138562723461       14.904486463648418        0.831345554575488
      -10.575063202672425        4.474224765174103       24.832122520038276
       -7.804333134943229        2.119166531980178       25.911374732271160
       -5.045351868803664        2.038857419936208       23.338266331616222
       -2.603103486029887        0.820164162650798       20.688422523347963
        0.767088513447713        1.162622670162731       22.385947571176242
        0.474548703654798        3.914153464417687       24.973626433031846
        9.713887976525141      -10.684981836645409       24.570547436777264
       11.741945535800697      -12.601863474347541       22.000325765813859
       10.866008013473405      -15.294838839739763       19.470861085505152
       13.484971740480237      -16.126945298047538       16.838835818979277
       16.888933543580254      -14.568702423264217       17.432556598874150
       18.667743811182042      -11.691442464725883       15.724862726927441
      -20.258366967578596       13.870843984879238       12.279600563011895
      -18.513598805908256       11.537083912639353        9.860289097054874
      -15.687522596573880       12.819919017888017        7.715955904012368
      -14.468729516957128       16.028162685245949        9.332347636903036
      -16.063231351263802       19.275056309473346       10.409325113378236
      -13.587570100854848       22.010051805623998        9.520601053148109
      -24.267115620850124        4.457786275700492       -2.888223383582461
      -22.102172110317269        6.092817114910719       -0.264835587129465
      -18.322366725322997        5.670607138862846       -0.455635775222673
      -17.826036462042310        3.725619196866308       -3.683958295336009
      -18.789018322872106        3.522456997583258       -7.348608991996977
      -21.797979995965203        3.198639047027633       -9.607682152082834
       -8.449457998977490       22.112103668091596        4.804064832644316
       -9.888239148131150       21.967521272891073        1.305206903286481
       -8.819023506814235       20.271646885519409       -1.905190148814970
       -5.338781077177594       18.816129558935852       -2.328052040249307
       -2.962831510197845       20.730639000625775       -0.082480521781716
       -2.637460551774112       24.201758168916001        1.389396123126722
       10.043318552227225       25.661554311857490       -6.080588220170523
        9.208104233450497       24.307107941871781       -2.615939523976619
        7.319678574480983       21.066514747064751       -3.250029542642761
        9.691669323616624       18.940942879349691       -5.312564663404447
       13.444351229795297       19.328870705846271       -5.567041865467295
       15.181402713667579       21.032923023660878       -8.456092108872559
        8.678859279613656      -23.138744385760745       10.540679125297073
        6.785013151231718      -24.239680771476625        7.462651182672503
        7.542382059943630      -22.982691667904014        3.973786363729909
        4.473034716258398      -22.650033707986740        1.765404198085771
        1.232340814877010      -24.162923281137907        3.003661195270562
       -0.003881973538826      -26.123437753039507        6.017693042893601
       14.041901743062299       -7.397751041166737        6.000510790223847
       10.692334634776461       -5.800917507823505        5.390645103292836
        7.106873140249643       -4.832961690506557        6.026280344359142
        6.085299553855973       -1.760559081654508        4.042765614900497
        2.809565870656864       -2.949004215084237        2.571268160704331
        1.246324621595422       -3.545191448917502       -0.773605189193269
