         0.3430551898       11.2299745273       -0.9359662331
        -2.0904420407        9.2155254381        1.1732179816
        -2.6473816240        6.0355473519       -0.7914811589
        -0.9505310780        5.8329776513       -4.1665612151
        -2.8308365535        7.9975742537       -6.6357376861
        -5.9564018559        9.2970752466       -4.9113603828
        -8.6533901030        5.6732493022        0.6754990115
        -6.4540359683        3.4354370649        2.7955397411
        -4.5951824472        0.1473057242        2.9501087652
        -5.5365901085       -3.2935700841        1.6432908092
        -9.0623142602       -2.9516968211        0.2979363506
        -9.9625174959       -0.6310422790       -2.5666605809
        -2.8523380570        1.7905404271       -9.8781878732
        -6.4970155457        1.1350077244       -9.0018636665
        -7.6893192757        3.6365531555       -6.3914958489
        -5.2239259740        3.1602049046       -3.5430216051
        -2.9504337247        0.2275991513       -2.8077433070
        -0.4794707932       -2.3869552187       -1.6802007665
        -3.0180697276       -5.1337742369       -8.1343864216
        -5.7577589557       -5.6864352093       -5.5721586102
        -4.8457899685       -6.7269649173       -2.0388578919
        -2.4496807632       -7.3645018397        0.8354125286
        -3.8611927287       -9.8826041864        3.2840246009
        -6.9048562443       -8.2867869142        4.8953911511
         0.3985233622       -9.6195647016       -3.8970047568
         3.2757617248       -7.3889188149       -4.9850112470
         4.8298575102       -3.9677565954       -4.5641979211
         5.2742402315       -0.2467937837       -4.0103418868
         8.7520908494        1.0720324794       -3.2946341253
         9.6738778512        4.6270790214       -2.3355918334
         8.7502222154       -5.9171503026        3.9855618823
         8.0742939405       -5.1395451407        0.3264437535
         5.2667446986       -2.5726318999        0.2005838316
         5.6221148615       -0.5735706316        3.4033968194
         8.8655746313        1.2799808210        3.9652865268
         8.0519859506        4.8512475878        4.9489422989
         5.1554207899       -2.5331436078        9.1626498443
         3.4999919070        0.8836965403        9.0017704541
        -0.1258153042        1.1218695360       10.0777535646
        -2.8955355379        1.3242190684        7.4890829493
        -6.1621627844        0.7725031499        9.3389582072
        -8.1861987551       -1.8145715978        7.4210082820
         4.4605412354        7.9558033788       -5.8147963283
         4.0232209330        4.6400336613       -7.6137871122
         1.6791420045        2.2232948487       -5.8990195607
         1.5025510829       -1.3658465004       -7.0979625639
         3.3504436696       -2.1715453024      -10.2975179361
         7.0787798691       -1.6791032197       -9.7349280429
         3.0546035152       -9.7050210708        6.4719553815
         3.1825792293      -10.1693682483        2.6951166263
         2.4123051729       -6.8045413234        1.1235678200
         2.5783944304       -4.1824339466        3.8671421765
        -0.8587128197       -3.7529413270        5.3791282631
        -1.7233346220       -4.8808837951        8.8823123601
         0.8177618550        2.7561671219        2.8481227517
         2.9496210966        3.7740117728       -0.0933721750
         4.6003537349        7.1514770401        0.4663755832
         3.3468778839        8.5268067562        3.7918590888
         1.9807950817        8.0153245002        7.3029239857
        -1.6304913913        7.0395443093        7.9934853463
