       10.2917261312       -0.5121549999        3.0800754059
        6.7516820803        0.2279128647        1.9910345134
        3.5304559439        0.4479985625        3.9638418559
        0.5680137195       -0.8628059492        5.9344123537
       -0.8692943071       -1.4511749946        9.3905645835
       -3.5242713504        0.6798687032       11.0486893998
       -9.6095292025        5.1190455427        0.6201139996
       -9.2000314889        1.6396514362       -0.8451027790
       -6.8049753070       -0.6766281361        0.9522743939
       -8.1619236789       -4.2023149420        0.4831887946
       -5.2041579815       -6.4941786074       -0.1506910364
       -5.5129528882       -9.6439689314       -2.2206580704
        8.0029999120       -6.8558561435        0.5405420946
        8.0067416626       -5.0394446908       -2.7871848234
        9.8380505257       -1.7321669609       -3.0779448010
       10.4071405822        2.0013272440       -2.7525768685
        9.2613064123        5.5361663598       -1.9724332810
       10.4207426856        6.5275735981        1.5100068349
        6.0244604387        5.1290443321        7.0737265477
        2.3362382984        4.8015529319        7.9419943479
        0.3813738502        7.6405794414        6.3347492216
       -1.6958653965        9.5006444625        3.7537629869
       -3.7501906787        9.7917195773        0.5758152427
       -2.0089972440       10.4360953824       -2.7393629264
        6.1884958142       -1.8522758335        8.9211507494
        5.1120614335       -4.9075190861        6.9293614508
        3.3547322929       -4.5323432275        3.6033622949
        2.5906355067       -3.4585571096        0.0462211918
       -0.5062010465       -1.2826412900       -0.0642020412
       -2.5880492476       -0.6441324930       -3.1441891059
       -0.1931366147       -0.5752174550       -9.8512577763
        1.2672448065       -4.0737554352      -10.0880782856
        4.1325642356       -4.6295784134       -7.6439800404
        2.9569290351       -2.5600179382       -4.6830419945
        4.3998330904        0.9457394142       -4.5858001564
        6.5906030123        1.2946303056       -7.6549834794
       -6.4092948842        2.6632318224       -8.1844517921
       -6.4478870002        5.8347075786       -6.0863464399
       -4.5928366258        4.9865547729       -2.8969674090
       -3.6749330651        3.8615097685        0.6000924849
       -3.5769013345        3.2991393570        4.3281938534
       -5.5164611990        5.7335869340        6.4868974933
       -4.2159994873      -10.4264866352        5.5742042857
       -1.5265866125       -8.0699286415        6.8764917457
       -1.2576685028       -5.2454243453        4.3680574154
       -4.0795182510       -2.7220147402        4.4837182795
       -7.2276278184       -3.5069453236        6.4329663747
       -9.4127246007       -0.3893182154        6.3465584512
        3.7307217233        8.9272231321        1.2796232412
        2.2707650827        5.4778559111        0.7253724995
        0.1915041052        4.7404937521       -2.3364804954
       -0.7027913183        4.1134309776       -5.9687260971
        1.1871889117        6.5506986760       -8.1521685888
        3.9599838816        8.0489404746       -6.0157241581
       -8.6786933825       -3.7068003126       -5.6514738881
       -5.8238467380       -4.7702692732       -7.9164863768
       -3.1181384737       -7.3705138130       -7.3244064684
       -0.8396767366       -5.9892777840       -4.6169493352
        1.6830501707       -8.4300762616       -3.2262509751
        1.2939171183       -9.3431353327        0.4408551021
