19.027696654877293 34.053215887106184 2.4680281197748273
16.97239649755058 33.91143235602892 0.706471453765216
14.131916137343454 32.795245907812784 0.224562319228747
12.683333248617343 29.42611512906468 74.44048585534725
13.131387065541137 25.957091298994396 0.7543687575703506
13.865140204675024 23.519275268267403 0.15177466570527542
17.984821424877232 31.453746572621 23.66890043086438
17.76995553447254 30.623114799404775 26.53929450752711
18.808757419538264 32.68991615682208 28.895530968502502
17.54057265698646 33.234039166783624 32.03803325144542
19.672447781177453 34.704644452310234 34.131669293648066
21.136933578049813 35.50328916582546 36.73626796030307
11.827883404269102 32.12768873348108 47.549916368588455
11.29549560933422 29.226850215554155 46.6297472430543
10.111859208600679 26.51426988349645 44.53712413798137
13.340724222912495 24.97014762490778 43.94533503884249
12.720969776609513 21.518003546732693 42.917064294748975
13.939661319257517 18.97612619645432 42.085796280131916
14.254712499722134 0.7760492930542745 35.91960542026515
16.231595012437012 39.719288217984946 37.89661814838399
17.075933075207264 36.987568988448174 39.008068497284334
19.199028761743097 35.47393102135014 41.582185427543635
21.619947206081775 33.38986847491468 42.909711653326795
23.402597613753365 34.89900911591485 45.265443588879684
18.73363455770246 3.9413748848536105 42.77240329765766
15.815535225079094 2.6989248250379614 42.97717728895846
16.718894699168473 39.23029754904075 43.17942721955894
20.19817970425503 39.20976423468288 41.25325141752028
22.73323024584296 0.4959274568973602 39.68310524954058
25.563858824545363 2.2767927701920927 40.03063393303564
20.960125285811674 32.311401923792715 54.620457952415855
23.358114692338194 34.01865766874699 55.36574429996168
25.304952641430724 35.94460064899403 53.54534214613461
24.252725819553003 39.23872848304642 54.48719253358263
25.030603621118534 0.3199537606835904 57.64886315856851
24.85935406618116 38.313998461408616 59.61629990766815
24.383835354211236 6.460703265404127 44.317070492375414
25.35250293059671 8.2995088474106 46.21116356741603
26.4451269549961 10.73676211601473 48.12912240567775
26.9558154969375 8.300946195926944 51.07936712914501
24.856038167734326 9.820248687607354 53.13172468123483
22.84924307598522 11.464172757856181 52.91038005520081
17.53759645656184 5.628121609407064 36.949994346686495
16.509367311754247 7.771104688466717 38.66268175357215
15.590862382767837 7.7375520651133485 41.70011314167306
14.439024342235124 10.495144385074967 42.714488960173014
16.49086441806136 13.512863747635688 41.89538889756999
18.47087709914997 13.15842588373408 39.87691392042672
10.481217769120285 15.978685593232827 32.54654940940943
9.551029150102826 16.534437105901038 35.01183562176606
11.59429875628904 17.97611451804952 37.20140855436388
14.555256824779232 16.374706346773372 37.88210053022057
16.41277202992547 18.643820479450234 36.183132245139305
15.970613057873766 18.9150894458932 33.348153456441196
8.413632046561752 15.077196331477362 7.632840049278997
9.470882744188685 13.684680558764441 10.05856905069989
11.74915027155183 14.217268740521215 12.098627773790735
11.30003064041893 17.089444162085137 14.088836688301491
9.217158524839771 17.273855818676203 16.83885632864924
8.31784432562917 17.03154109447088 19.358649148600346
10.229590947661388 11.02443654585506 15.957702625468164
8.509038544112295 11.264335740308418 18.173551543553575
7.4953320838717135 10.705444156024022 21.139469119564854
8.99128059171801 10.179994582957605 24.248207726805695
9.699759994373002 11.361463585294466 27.258724950188885
10.055216722720127 10.95030472137662 29.87323663007699
13.581297514285167 1.907754343496909 10.42264134998622
11.95727908299177 4.091435663070448 10.59154142984748
10.04454947637932 5.8402159485812515 12.975825097127004
9.18665775839675 5.8994049975967116 16.344726481703525
9.568424710212428 5.4833131372083646 19.575542105294392
9.495383530632413 5.263547903530384 22.237382860935465
22.653363801545034 24.440424236470413 63.20253496529978
21.98484082542898 22.49527082084879 65.64119410059577
21.33578125441519 21.22733766833186 68.9242141548326
19.666886671101313 18.316475265601625 69.51210361767112
18.542134925943284 15.375717649994137 70.39223787844512
16.543417340305545 14.228996880229902 71.92368273248583
22.871024175868065 28.943543423362865 68.0769820364129
20.53363810993901 29.302329139310604 66.45504141140869
18.402715706010127 26.765120675778686 65.46032327997642
15.863561803953273 24.441736952933734 66.81068787661349
15.373008432634657 21.607195220410194 68.0557729543194
14.805398120051317 20.16651030524952 70.55000721966857
18.36840399754163 34.227935050533745 69.12352038510245
16.263795148658208 32.950389200683794 69.67598641633029
13.61175749906305 31.624835798280344 70.57407985090758
11.845040818350665 34.372490332178835 72.0035666001635
9.051208057256884 32.38618534668448 73.831404935595
9.13470328973356 32.96572915262311 1.3166701613885132
18.17458960169958 29.370454245146753 14.889117586761152
16.06884536339193 29.507362561668025 16.415790945177815
12.94810819029344 27.607084209008004 16.712556107917152
11.739457739543992 29.5418944362896 19.423069155363788
12.569319126180007 29.589843407183007 22.508556322281457
11.92333933639377 28.87971863079988 25.54437838150495
10.6851094825616 39.70940984892469 21.12502047098095
8.128765668841291 39.335054965296415 22.524960897273054
6.856632743010444 0.8264151507095472 25.347138472717376
6.016604502801894 37.7286092071373 27.375732631974433
6.724572715234856 34.42674046618845 26.793824052882876
7.592678491448153 32.128507590476914 27.657446751678844
14.020812845166628 34.863750977795085 42.26461485002937
15.43575510959203 32.35683552305371 42.4773979071466
15.16593770025794 28.803406001867415 42.33220956651225
17.240607162359655 25.91016934544686 42.08442023904654
20.464078382698936 27.203347415759552 42.60161313254909
22.128216576246537 25.45810010247518 45.11881919566546
15.308286418353868 26.283743618175752 29.8813191659608
15.273552375841984 24.94425813200063 32.101638535850455
16.50476106446972 23.778874040997415 35.19998987104269
16.80276195490303 23.020373566963272 38.993305826372485
19.38216159671692 21.26994558988096 40.8593232390646
19.95667903235983 18.615181505048884 42.05943185728236
13.144110925604087 38.389988250393685 47.580267039096626
15.635420466901024 36.65736695973103 48.00238151969157
18.155744609386815 36.27950757278494 45.95132365320574
20.320562520128167 39.02285570478782 45.396238386759805
23.1122635586926 0.9421060849042591 45.60944081505222
25.70167817516083 0.5739130534803253 46.16436467314115
23.059439778931296 7.599040883811397 38.799947296209645
22.172668714169035 9.707388036810872 36.692190387544564
20.126688092442787 9.311070910463807 34.32990083955356
17.863411983178082 8.320170764268463 32.047634961357545
18.16868703222948 5.263829303870442 30.53558047097393
18.670747786472038 4.049991165318018 28.61945319057212
21.669668136696263 37.404203148773284 50.30096029432685
19.717394043406824 37.919341585584654 52.47550848873359
18.827470882437684 0.2582274106858048 54.52800111978394
19.744025541716354 3.348384002444109 55.60364323510618
22.289160468022676 3.895167175507857 53.221743643633374
23.814056936149974 4.171862905506527 50.83202645648085
13.383946397148343 6.894415731115283 26.724494010256358
15.478967346940365 9.18665241609059 26.714839511558367
15.46522862049948 10.48580816761666 29.69653666359029
14.046853960347432 12.388374637645631 32.40564854475066
16.88128377301269 13.033220015926444 34.10227748737964
18.86588793037792 13.856870227922643 31.960006452221954
17.97351198288333 2.2864582891135012 48.57220412804775
16.74955174670067 4.3679498750518295 49.679426901777106
14.81152717384505 7.315770790837776 49.76361449275496
15.76869277447829 11.123347414255893 50.34188334366453
16.664389069693794 14.088398544191255 48.604209601440004
17.181357348939923 16.673680131957756 47.1724179766179
13.23800351748266 10.68564140114654 21.697898389348982
12.318485230831964 13.561098483609074 22.179124524788836
13.126789459373423 14.656952917750019 18.814844440365345
15.557917228307208 17.155087399081772 19.357987591217523
13.7561322562617 19.736000289565354 20.612022784806534
13.335326860671735 19.399908477864724 23.407273446497612
18.980520011351157 6.0879573575632335 1.4032664516111804
19.53753823853059 2.7257473369442615 1.0444679428624217
18.627491165164837 39.48677846731195 2.7904653027346846
15.562198457386451 0.6709208184213211 4.710741685919908
14.309263220157188 3.3873311557806676 4.570849959082752
15.762540881518941 5.9366743238162245 6.208987837174293
9.96898755653591 18.90384675311453 67.3934474309435
10.495380401849758 15.720858993046889 68.06189241568347
11.94090667080131 13.32902269248523 69.86354370247315
11.561088734751342 13.934802393617051 73.40169171063938
11.180643493389814 17.17212765960728 74.16638283543828
9.415713395251975 19.446191653876976 73.81410786132736
24.75583802666489 17.585798084549346 68.6815193162906
24.44056569974493 16.797010031872613 71.29275234778788
22.24700286932079 16.362472355646986 73.78294257619687
19.621113416524476 16.057510638094804 1.241258975895758
16.28780778985635 15.973259836540384 2.6681238930277353
15.49102121091185 18.930032561158065 3.237774814769979
24.26502747545624 32.526807700660484 74.99270896161795
21.99987717334589 31.22105112753051 73.18210655248215
20.765908482480523 28.312474592967174 74.2606045321678
18.688967997955007 26.03515987622243 0.8092262432468311
20.308629327521125 23.313428620236227 1.3386263269977552
19.530738529536183 20.659445589046392 74.06286237201412
18.973952819142127 25.278030176532653 70.67673305954582
16.642656339120293 27.337597673502295 71.10447780386741
16.773369185962345 29.329782149102 73.90748550159111
16.712206579034437 29.087024127686476 2.6686454183482082
14.055960124901778 30.371924100921465 4.85189380471203
11.387850459115837 29.748198303743823 5.612547005855368
19.00009264974124 25.320033825384115 19.75315687945335
16.534007023079738 25.22573009466058 21.215131667163565
16.407740729894734 25.177315039563062 24.604911961456846
13.327685192897768 24.177711149305075 25.394407117428788
10.81222016420136 23.05423826184346 27.179591580425456
11.798615682466787 20.66090569088161 29.26807145414087
27.061187102992665 23.32568009798874 27.50994062648382
27.209465746105767 25.911853438871926 27.64097723146046
26.96280385165437 29.06415112681486 27.295841239502863
25.767525831930104 30.90316150430094 29.80000396667532
22.765008993214625 29.67802860700854 30.166284475352423
20.581922942635913 28.956532920107595 32.02892494447314
12.792194629066323 35.16850998774667 25.288320802448922
13.086533085235727 34.11194849267682 28.191710165320746
14.4316617459601 31.430945875879488 30.307281548040887
15.237319404041253 30.113155004815052 33.74503341976941
15.998954389698481 28.547143053002802 37.00047378764286
18.516335042408393 30.100225375486843 37.84184287590302
25.36391766289228 32.11005548708505 17.030277105996724
23.451961090011338 29.925888163403506 18.656496122859313
20.569997975415095 30.06330610107133 19.685734055503783
19.5221905695638 33.11456623524499 17.977095621742553
21.326474481962208 35.687293373941316 19.34268104597573
21.680197417190676 37.92807529552147 21.316732214480723
14.829444422489901 34.388832203730054 19.531960156527248
15.72869749898881 37.52635142524084 19.850917009252587
16.476459582309996 38.09188939498286 23.08133348468648
18.67904702070985 36.3419909878519 25.270015677659153
17.747023368242512 37.867413316041855 28.167124432746622
16.616984359057103 38.632162973751505 30.505835294348756
24.892837534927665 5.156043183715649 2.658730531378926
27.585679807729075 5.462176716351322 2.7643677383785237
30.068592697497653 5.818717198489384 4.975101813728548
29.570841762053114 5.1765439856543765 8.752172650016753
26.59909785280199 3.528135047422034 8.79593695406468
25.72024996221948 1.714202347920527 10.792105385755551
16.437719336119663 5.675287550613932 21.64730264906958
16.126221665406995 3.1793285919269145 22.56234517334034
18.634991612519464 1.206880031740756 24.057729833541167
21.765477689861218 0.31085346056848184 26.26469483501416
25.013581337822263 0.3451279070608033 27.40853238121725
24.974492851097377 2.910577773701718 29.332044611059388
12.240641935831867 1.1669365666072022 26.726382497239214
10.412519523556524 39.68461997954888 28.899135689488507
11.886404914007567 39.57791364082089 31.44927376188579
13.536065740266125 3.1475341409352304 31.15669257371673
12.307526205418446 5.451040737786282 32.57485722274202
13.09631022155782 7.772538415503641 33.59723138912806
13.882003619027971 2.7794234320022015 16.596623628155218
14.50542218863731 5.828417831931266 15.899652706827428
14.973509590136626 8.482144058092576 17.537242078134298
15.345035242933813 11.86306512058907 16.592651711423326
16.107923280844 14.72249170404512 14.623951178923129
16.594838935100068 17.257997004820595 14.39910817431177
24.654632309512955 10.910710714514341 0.7634038712897063
21.98712821737316 11.508815855737993 74.37392088014656
19.223332704581093 11.506609428445822 0.8471884621632165
19.944361375440202 13.124925480252884 4.193196283540282
21.038749512539695 10.582290937741368 5.810569883608549
21.241484804012266 8.157613153726732 6.671101973708061
7.993296250379993 8.171691180743649 8.977387448198812
10.233135923253762 8.686957876634416 6.746255487596253
12.23748994033571 11.427637970967897 6.1990388565015895
13.516459583773896 14.951064182644677 7.10291197329212
13.65531845443408 17.90193910329949 8.80965657883631
14.432040688678338 20.66932616601979 9.8568528011876
12.386320086196266 7.881117480457847 1.3310365179265342
14.427844097195415 10.110590930964767 0.8965195703156705
16.052238229578176 10.660299415773085 3.7100900892940394
16.43489944350786 12.180675522008466 6.6141338120617235
15.89282614004428 10.92468840618773 9.752150749799386
14.051700602621583 9.753883001723816 11.324018334061911
25.0865282341238 25.906353303885954 73.01556006187683
24.779947832747517 23.05142185239702 72.38392647202026
26.135675894775833 20.747209551355834 74.50905133015497
25.568882928245156 22.914988941739296 2.914628080929184
24.619407648526938 22.021220927220654 5.663516837363841
24.57423483290306 21.28557587074032 7.995716066775824
26.99747235954055 31.58646990136936 6.719473598383157
25.29878898555085 33.51743691147795 6.12830684322127
21.93600610929548 32.9041676768914 6.794076555060963
20.76301312393151 31.34316687078209 10.101810329863003
23.255013201124097 29.387010928899056 11.221346816830629
23.90137973648191 26.752679669506332 9.889254549684296
16.39991461417293 24.742477496853855 5.55669864571373
18.63876871479854 24.29050105613036 7.771796128946875
19.065366414623384 25.987613799659837 10.78698644733197
16.61303454916031 24.32616995620676 13.131545448226209
15.189870758411667 22.94434240286209 15.698714055507397
12.259400826096558 22.075170491024164 15.294470654536836
22.471545992146893 27.295546890386728 24.306510171797854
21.307070509699543 25.357479787371222 25.61261303607085
19.989258177747274 25.078689917859855 28.49539340576923
19.888380430106714 23.510232442598912 31.910729222076007
21.17507385233848 22.281777922180094 34.919500446049966
21.4160843089613 25.07175791887011 36.847746454931865
24.00047872446722 32.76585119538248 24.150566792869153
23.399472375996886 34.60935400404286 26.246087151844726
22.175355431727027 35.67119023903693 29.590710462521006
21.835310196666384 38.96225820722609 30.844515808687564
20.78746580204961 1.1583158641509916 33.915965274480605
22.43988018067568 3.65536828131862 34.495058987371706
31.721530550588692 33.04491305755922 24.438630834234612
29.450095527930426 33.15429531771639 26.407226715647916
29.207018781387408 33.76616155172346 30.06370136277824
26.482547449933143 35.40498580867741 30.41768413520965
25.910145661038325 37.05300047499296 33.03937470540007
26.27304604096444 39.050693507648845 34.81150256765783
29.154164810546895 37.28463713549831 9.371516849589604
29.89893167002161 34.905685039810805 10.763576359850472
27.478137106718403 33.58518266887957 12.67191050789536
29.178218400590772 34.672370462054104 15.556381594671695
27.94426811733073 38.14252319930055 15.36021882610159
25.412401987553405 39.450961909008576 16.48973511056889
26.415718108402082 39.486853017060675 4.484129262337093
23.64267541260957 38.332617045211684 2.9764374045224646
21.665215389694616 36.93927956079072 5.58143432691316
23.746492882012394 37.83324871127999 8.313626199315921
23.235932611705852 36.16950745851104 11.083286442639654
22.10097919951108 35.24542464387115 13.28966721777596
35.35401208839434 7.927806643183048 6.015576316495045
33.49793043276436 8.183074756946915 8.098489758328064
31.965568615117334 9.329142070916213 11.040350508295772
29.111513146952152 7.564068591312537 12.154949364590346
27.397437587452544 5.913996632933362 14.501983606695322
25.4545427724853 5.515282292991685 16.39180413946864
21.037337925612288 2.0794971725630518 6.754731576833353
19.089430762188158 0.47188995178342946 8.252949478033317
18.489948470274527 38.823526095950434 10.902723695860686
21.26223706482781 0.48382091433793306 13.235102368715468
19.37709461413366 0.4522903046742461 15.707094110562833
20.226057639398704 2.3355930778269416 17.816850461423144
33.381279615287525 3.2111109399949633 18.681808089528182
30.29956232126043 2.6531921137400194 18.86198277613833
28.265944903550675 4.424361616687985 20.741212798817823
25.261382429852414 2.208767332043899 20.59562646009912
23.327058307120183 3.6813300961056585 22.602759638431127
21.743516424059475 5.603478276565997 23.961021908081523
27.108506261162848 16.725908079288008 10.836341334321832
24.221537656872396 16.666252623581173 12.466396025485823
21.891298241996513 15.055089723192209 14.503158042532277
20.41941728650506 14.302646340830975 17.70530769696247
18.884131630571773 13.171694396472159 20.902122814667102
19.749858280586054 11.175707119385267 22.778049146290275
27.14152688884424 9.346575434037751 7.368489798497278
26.679866524431414 11.226681143516936 8.872283828520812
23.614730280885507 12.357749751045807 10.147800906374082
20.625742603684795 11.376594359315765 11.80038742414622
19.83379012645681 10.101149177985263 15.247677848087838
20.346303170868 8.327116200652043 17.345953323154834
28.161988481473173 12.743174141824232 15.1386307304048
25.70722892587413 11.740430100136422 15.641012312142736
24.35838755702982 9.728931763624466 13.337495717203819
23.5976527980378 7.5604962649016185 11.01627809017675
21.243596281897588 5.3796765355209395 11.716416183664096
18.472307466884843 5.298750371588667 11.956211776472612
24.784945673687645 15.384204682404047 5.5147468674038995
25.312327684704712 16.62513874134527 2.7858810639834384
23.427050836737525 18.869578879463262 1.7420512516745676
20.6686431122931 18.77075482810935 4.407617204626209
19.615236383291673 18.080645303073503 7.379423282262444
19.50135373951172 15.810201662138551 8.909949082669533
29.401804414023555 28.900935474922797 11.700807067256914
28.640257134887335 28.4565093672548 13.873428333882364
26.533462067818157 26.95031980667821 15.54630000005419
22.917680518645994 26.18726788341056 15.283185256162344
21.33111400220339 23.533546619667252 14.71964298031209
20.908685188762817 21.344540159979978 12.625666909612242
23.783404047165003 27.596622244779702 3.780878902259437
21.344280796322835 28.48061118771269 4.449118694738227
18.821453003409026 29.46048320221931 6.788774305433419
16.796819607188745 29.77738655417046 9.85926699532412
14.106772102634615 27.555689046735594 10.52994948267124
11.85974267382573 26.357520877170042 10.986647477970324
24.84824428202869 15.776139708084388 20.17495249132834
24.524349076358614 15.141421995773506 23.090667430419696
22.771500068062522 16.16615730298132 25.584105490641072
20.077313027250277 14.320544510856044 27.103754208764624
16.679797126769127 15.0360492162187 26.147683326294835
14.347354615607992 15.375754284132045 28.066836666830543
31.799809690588603 35.76579413156044 33.98826253538071
31.153555948151443 34.72060076085829 36.336332866767044
32.1905765334427 32.157873112993805 38.80957239609692
31.153329368297108 31.935578430892093 42.625435786238064
28.503753253433793 31.67593969905925 44.68094820211647
26.307621290333067 29.63177202924451 44.08544785518092
31.632667007908804 26.748725190042265 43.10335544239188
31.257712141228037 26.522369044394704 39.84043261779451
29.024446995184203 29.073499632425023 38.9695145647257
28.037425914853582 32.33679165089144 39.7953306363411
26.494846340230087 35.473405667288354 39.91731761354076
28.032581885836784 37.3753902687858 41.620188470673845
34.47125307065718 32.24633351478465 13.814376821662401
33.24218411000686 31.313540929608337 16.242538719157903
33.033395248921764 32.411437332713795 19.46266314118045
29.58275167823019 33.9426003697604 19.52007592735889
27.897037177816866 36.23187496229526 21.0683962339969
28.01528423652401 38.45531531791503 22.767567404271734
0.15955642677042192 0.7461153575726485 10.895576926935469
38.73404981535379 0.9722894409617171 13.454664189567973
1.5696669230164093 3.1203183798027974 14.992475874228035
0.49159547562185346 1.9810340814380858 17.969534309601055
38.7179485836157 39.81061326059511 19.792854440818452
37.53511532121818 0.7628266736067931 22.33780844424507
39.353773011054756 9.088650552521107 16.841350976061566
38.14511959326933 6.40888698215 17.18464990278635
37.865422600691296 5.585741591745993 20.472847253084876
39.57444199256671 8.221082521895958 21.860505241125576
39.830239411927984 7.0236911532048305 25.0005363217868
38.54271272295655 5.0853581142623225 26.09194316100208
31.947205615372475 1.4332425011971437 6.404922553286583
35.23281704966001 1.0891851222058617 6.746824092016132
37.37244471970269 3.3916372219532067 6.978581562109558
36.53056392297941 4.542379610694696 10.362467752830133
33.87552282748277 4.212755168372972 12.773479972267962
31.73168328476653 2.149541124936922 12.35179979607261
7.316896179269515 8.698820784942482 34.82570165102083
6.025155672113343 11.084586462030979 35.27195841820975
2.9297866126522885 10.80896997199925 37.27846797597238
39.26188073142863 10.231564139383794 38.093880642623844
35.82285913068103 9.585382953095694 36.927230276377344
32.99639341945543 9.203644004539173 36.58494213677428
32.24545694871407 3.095957937125842 24.782932079930312
29.73472714172207 3.865306019875791 25.496496070824186
29.87014142553183 6.178477880787962 28.16888371576513
30.566283487069658 8.000229274317471 31.276794231150124
29.102779760354778 5.875681563581576 33.29599778898249
27.75680361774451 5.573619948390496 35.45117348587552
25.369382065844366 9.486519633609142 21.03749676517182
26.675473971121715 9.10632259411355 23.413169779096943
26.313411796005976 7.856404765785228 26.32641905395204
26.219441294416104 7.673717580030601 29.69831770642675
23.5108543201204 8.873295515914078 30.653332836173902
21.61698806421088 9.568135715442027 28.171917893015923
33.98244981688181 11.628589830815507 15.307802894346322
32.63375771897978 8.940697003558345 16.296396994118965
29.602933247625007 8.387456888865245 18.24874660298418
31.00103209157146 7.394899862401277 21.31856527858397
33.87745060602395 8.242038322478646 22.564508666776128
33.60864203309411 9.020086768558045 25.396500191494187
29.083150551995196 11.870362248691581 28.3130523281743
26.583547681458914 13.325766735834193 28.362923297006272
23.758702962343435 14.700189516802594 29.80172675317679
23.88683680794461 14.868359448376735 33.10084270195081
22.383849882131873 16.29483977101033 36.324274336730106
24.266524593381092 15.313488394564683 38.705106891857646
29.011740370525064 22.488337148342392 12.106383260551198
26.98947481167506 22.21177032300132 13.826456719524401
25.2304066117088 20.047656150492763 16.155050020142586
22.375557804630013 18.368239677559327 16.952274260812384
20.172000113393338 19.5547915804426 19.12779141538805
19.684851195086658 19.34408623740564 22.25242979429972
31.008080563615504 17.84787816302662 15.981911899158868
29.553963724286575 18.985676881203776 18.351356364097494
29.111291901909947 18.658773654716747 21.71117025500537
27.975461653689806 18.707091996461966 24.741953006946776
30.355056497064073 18.383246449840893 26.867415693051907
31.174342642016292 17.084617615585945 29.660143763216006
25.175420752737438 23.842320999265247 19.530414714839722
25.325119034152916 21.992776165370476 21.750554519045316
23.926487715528072 20.44328746373146 25.170132359032767
25.2798961117679 18.547448077514325 28.25190229421328
25.950385723577373 19.25726953686552 31.84716023829304
27.587694176225135 18.989517135506258 34.28236892070962
27.839324601040254 24.775648469458012 35.183322795165424
26.05339210531593 25.73255491975006 33.48130922496258
23.824700948849404 24.608109957676927 31.28068009576512
22.625729262803983 21.85037343431358 29.187413726143827
20.125968543406636 19.368337337822588 29.136567495606293
17.557533208019397 20.782599255654425 27.67963228768095
26.277080172320247 31.566831134001827 34.808956267516926
24.491918509596953 30.402198617421092 36.683297782231755
23.66323250324185 29.986248831064298 39.52331712990286
25.26501850842611 26.752082061288277 40.029336624954226
26.08633573172944 23.852517716456376 41.11756354584177
25.220112658363135 21.364244566359048 39.533365794847526
2.550713263666411 1.3729023250037309 28.312769712194388
2.2671895848595947 39.31329153314054 30.78607762048765
0.4944344322624979 38.916785255663314 33.772400514612826
38.04413738919745 37.784697631471964 37.26651838939644
35.737984369188865 37.33503589818796 39.35383158530239
33.9774318448576 36.34038166396097 41.70987466942834
34.246444066314474 38.066883680425555 15.697665529572454
33.301772558181284 37.34687071828143 18.643282052683233
33.113040349753376 38.28914062588564 21.937126846882766
32.4803604766117 37.91802446861092 25.8536923339629
30.610221895259212 38.53281357219037 28.633166969368258
30.359063978677547 0.8058085554032962 30.629742759882394
0.11797278734846121 1.6264464104679597 42.974154525741575
39.515024408713835 1.7830597356056024 40.106679707246556
38.83955827530699 1.6914882131371463 36.65782223113546
35.98013995525016 0.1063171910645977 34.30103396438864
36.18522014263735 38.89339750103282 31.056070897758268
36.51351089862868 39.90800040643581 28.28392916869959
8.304059888128958 1.734373342498126 34.755517748015315
5.797135656282915 2.7644191522659964 33.86612095864776
2.402506408994078 2.6219595880195645 34.87258773147128
38.93221525966094 2.9151515962708756 32.76546095266944
36.1918741188987 4.909512796964437 32.60430916681635
34.62838302542771 5.0592648341080615 30.266631961602243
2.0380820622006355 6.617884727173898 31.1892728848905
1.1741673126386682 7.599217387231219 33.94006664749068
39.56896459713668 5.81392058987304 36.627193417582866
35.8895929512856 4.511821176318095 37.94904322841992
33.12417609440237 2.955676877568812 37.355785119724395
31.163699959496327 0.8450251720626549 37.286598963275914
2.1005154298807955 4.750880647709265 52.695706688946636
1.2481434304965098 7.053062315744848 50.80017743743278
37.92815719524154 6.896065827448891 50.226111882913465
34.642715952640245 6.829754929919207 49.88361010409366
32.095400144880756 4.00112149221195 48.88000486114582
29.269728971735123 4.475954930011859 48.77372280693602
37.225361664221424 7.419110646502605 45.22912208037135
37.71810887306806 7.196149778004498 42.07459486710619
33.9318944979437 6.909336759845764 41.163787863315
32.25756697974482 7.509622863852539 44.190727639535176
31.497923729310855 9.887146831564502 46.79037466831169
31.438656946111575 10.792757137663255 49.682691742000195
31.4354404392414 18.645879287731727 46.49730759995451
31.55441148071055 15.924298150603246 46.37264732409538
28.44519454804248 14.227537543918713 46.79442407504016
26.791846508624708 16.243366014541287 44.073865233492
25.215083099150622 19.201480837887424 45.146284562104654
22.954430459222145 19.90111805108403 46.9577880478023
0.023319465531336903 13.419705144407473 33.978999295358676
38.34426124894418 14.922440633650098 35.645181481951965
35.385063534806726 14.668765979896914 37.41910643299909
35.00443159833335 17.520135334231046 39.62485479008013
35.40925132155023 19.627714149106797 41.846190672738764
35.35538277512784 22.000128967684496 43.41919873944156
37.68198254180869 10.307549229044966 29.511638713408995
34.778935374754504 11.228309575256718 30.872081057584097
34.801882124496025 14.351124355248723 31.94461297732659
32.54431695469107 13.93647591882042 34.59092776896989
29.107532855837984 13.273645480155169 33.93738963598236
27.28443832703721 11.552485670942204 34.68372612511356
30.66418685314596 13.013338059780715 20.431597658046982
30.81552055222506 13.86851896772559 23.166034791353546
33.03490028010098 14.093805014356523 25.430311382643293
35.6282193544829 15.030810632373171 27.525440393248278
39.081013833189246 15.93677893854292 28.48082641633921
1.1373564125024893 17.384940130768086 27.038457968175294
30.90048962968007 23.443591224212863 22.671146423768274
32.66972163460768 23.426902847754693 24.897662198784097
35.390387125953744 22.903265530324177 26.447033718318433
37.60256628056397 21.47308596823275 29.24307578491515
39.875994178772906 20.8200213050873 31.934572904832656
39.016744713545535 20.89915633215002 34.56419378443856
36.1715383658897 28.368574963237158 20.26397249695937
35.341910838219256 28.307465079448452 22.90708505199587
36.35732989342554 27.113526498021315 25.67330970427869
35.7567333091954 25.868010747222392 29.046453436559233
33.95203910136807 24.25599398869634 31.494695054356345
31.686877660923013 23.110721068523546 30.837869601856816
34.69268226777944 33.2591988880149 29.6875547761118
35.847733327166 31.081813089396277 28.9250712497257
37.03702227256812 29.009162092861647 31.570572883231407
38.76078547383968 26.228013262865566 33.047329762230625
37.296365564175765 26.467718420776514 36.347409823446036
37.14404424166266 25.14239215149668 38.47229245658334
4.054671234702831 38.357854848395185 37.33233527837225
2.868343451025146 36.15564552590835 38.22636557936829
0.22445147486997838 34.56600625229791 38.897254392318054
37.92079348284209 32.72837252187648 40.34090341302391
36.186488976531614 30.244412834005164 41.60484553387575
37.59015090019903 27.839117852752015 44.02603236699655
3.1083056519284424 3.2279798374623767 60.7002615028905
1.1936348475902954 3.2912930102181677 58.53380177786129
38.996758555473484 0.5894260485562621 58.59086916953306
36.288501100627805 39.32034569632604 56.2253422149031
34.955939672299046 37.01039651893415 57.571871537723545
34.369839436794756 34.65854580423522 59.479238148667164
3.560170635090271 1.2968144864033637 48.16382089106988
2.279944246927677 38.79837507159338 48.54614455110113
1.0643463238585689 35.45242727664953 48.718917989768784
37.72136951120563 33.31725759154255 47.62293385014595
34.721907641131004 32.58720737302633 46.7693085121361
33.12712077903383 30.13719374016898 47.95532521501369
31.69211519604002 0.05240909505723579 53.27754356819431
28.929256770924514 39.997950156530635 52.75364829296038
26.230580252711604 39.51224040853963 50.98059839798855
26.954065262013238 36.551252337778394 49.14218640424256
30.075430863257512 36.803298928615746 47.55495187484122
32.7732061489334 38.21401335254555 47.32781230239326
35.363174737642204 4.07610148709002 59.30855997472699
33.24958633345912 2.8779897077113294 58.68352520282226
30.336496712733645 1.1843038198432587 58.34450106106647
29.675743375693315 37.914697328297976 58.18751378506393
29.320728547487587 34.836268245991306 56.30933780587195
28.881381273150765 32.67285774696947 57.74044628661854
37.51313500943481 2.1679795459187727 48.50120101434206
37.19789532743252 1.6447946956669324 51.40884678010302
37.04411981045614 3.1502473334544208 54.42165639181681
33.65311227242745 4.751078387845967 53.67359230319266
30.40744300961885 6.178508444751315 54.46548313998316
27.802796016462718 5.121320875505329 55.468341168194094
37.488468605499484 8.206221277898647 55.567235529125504
35.30088317592846 9.815712174351342 54.526997160700546
32.25144787990455 10.970885150106405 55.046310463940976
29.125927134538667 12.815816028519913 53.47764046808937
27.549263770697006 15.488605669609571 51.763016770696424
27.063231929838445 18.109949109453048 50.99610839033812
33.61913191602576 9.580570172631019 60.16363588117296
33.841790074127836 10.656369650407441 62.66581369742973
32.61503535476609 13.480961954661543 64.36283446450686
29.47385354962167 14.41257730866983 63.217923643757636
26.454198598672427 16.18033551065075 62.76896599351249
26.19452519441914 19.3386355573679 61.99820041142417
34.2689290120216 2.312554272061918 43.31764426322522
31.246652460734616 2.3501188249152123 43.0953189493213
29.197696607044367 4.752558724023769 43.349011314089765
29.91316990294821 6.404897077721284 40.27723512794669
28.580213949096265 9.427980445569208 40.69952413468746
27.813380196273997 11.835504919302897 42.17022445086888
30.402332898729952 16.12059156984501 39.05082530452161
29.82934669211417 18.011839891933164 40.79331373885906
30.554011847499183 21.43759754239419 41.451310382036716
29.162760477272403 22.58222003144912 44.62539781669518
28.09675077638346 24.14457953821357 47.43448901631212
28.55322064493081 26.283503605323716 49.43736202205601
34.530243005839125 18.434038600294794 21.386569560948747
35.79445017192216 18.50826486954885 23.857796887283634
35.26030360966305 18.97372189735872 27.284558363467664
35.42971168535835 18.596293221762785 31.30209114498597
33.67879153722538 18.92155714549397 34.70604927451334
32.76114312705637 21.59376331299863 36.6301350113578
32.08849192601753 24.39478009899663 17.06236928963438
34.492439777052034 22.853718358326063 17.712005663700452
36.509257006382 23.150762081187615 20.413906142453946
38.02737195185513 23.770374906032284 23.349025295169653
0.4784346870317228 23.68825685111083 25.68755572059687
0.6223478501276959 25.326907942200265 28.30049200098267
34.80831575755755 26.425704585867752 11.923606431703485
37.15184491571315 26.605828226836273 14.180311698865113
38.717750915316174 23.186037996765524 15.199144548746911
39.29362881762594 21.075621629913062 17.87435519401695
0.4854983787670761 19.728670515789734 20.36545805027709
3.0492859240456993 19.42387688149903 21.719324840788587
29.33448017446618 28.547914467980778 19.914935840343215
28.154389626151026 28.66323416247795 22.299477153485928
30.66227581524012 28.28627543466167 25.033245962503408
31.946067422390747 27.879080598041632 28.36940634897807
30.525391834556206 29.268123769778697 31.339384799961582
31.913870965222177 29.098473669118 34.284566596526886
36.99348082343027 34.25643998315142 22.069659658289062
37.28857622905084 35.423759985325596 24.843674639131102
39.424750755423936 35.65174466835754 27.593021102700398
39.59718319095482 34.716050780493866 30.831572365025295
38.6796406152666 34.02158473387837 34.09736491478036
36.8244377742181 32.345142800737975 35.48641744804336
8.055284791829832 38.97123428371822 51.03237377601063
9.012119504895217 36.02255026179553 51.35061208299308
7.07409756587735 33.435575916859634 51.32105544162136
3.748220312783892 32.216689268164416 50.23415230363284
0.9633252232300925 30.531098176467466 50.36197131996574
38.600269547006 29.17404346950771 50.33065862504743
31.393643472239216 30.084235064458554 69.9894377825562
28.382496696706205 30.38317195180753 70.63699820690717
27.511995639509475 30.446688764454162 67.12948929800066
29.376185641623987 27.628324413229095 65.62047135309098
27.395735746451315 25.31535771998286 67.25595903122145
28.027693565144542 22.453924722717826 66.99522260374003
1.3566917097024163 33.30829660682373 44.09517462822045
39.960047320426966 35.86112791280124 43.76429457759151
37.74072920439352 37.63488061160367 45.83327797565099
37.43309015730752 36.90455872988451 49.463351730088405
37.09579285077513 35.314743783156494 52.30804317996935
33.99958977938656 34.55380825608939 52.30524766612153
36.8957581951826 33.433574461526284 65.04208438095259
35.44647185956912 31.012628287359746 65.47807483352408
32.80455066107907 29.44724768268017 64.07134377553885
32.13632791632764 29.45620982887414 60.73320921192802
30.27138182651413 26.917215088378647 59.748565529648985
28.371819281792362 24.936847106464253 61.098795839694255
30.914675327822028 35.23816002613656 66.69942376882082
30.094937124671848 33.99355243474965 64.1247092345104
28.110128287146203 35.06871845463301 61.86488176708502
25.11231619788692 35.89700249705779 64.14691597230185
24.433765338939445 34.63202498131155 67.20216085685152
25.492410718984665 35.37993263840379 69.47018281303829
36.56508465611413 39.05961829516163 63.21734106572982
33.600651181918984 0.055201670434669836 64.16739113604972
31.25300092338239 38.54680755635353 61.805492105182175
28.393987997571628 39.0855744525546 63.53116857439192
27.762212503076473 0.2333087270872065 66.47445476582112
26.1823546373183 2.8431656929975158 67.61142521075033
38.62265404404328 4.308317872508638 65.19273038259234
35.81897955675781 5.761584231675309 65.31354386216096
33.90390991493173 7.707777190077676 67.0266204548896
30.336033582173922 6.660309470641036 66.2447242412118
30.188908910686095 4.989813719317666 63.215353778834164
27.586314989199007 4.132815501247071 61.420396201727286
32.601107203977925 2.7569849784257405 69.35744973743365
31.405575537370737 4.625643630007293 70.84760211055752
31.176796427646607 8.098640950195588 70.12162549538544
27.734477012800678 7.961421421986559 69.18963238727463
25.99102233290251 7.04956559147787 71.60466810024857
22.998226128907536 6.182566930899696 71.86678482625028
27.98979427319879 10.402148239540798 58.32542566333428
27.144724652164435 10.114299042605786 60.97370696867774
29.00851380546388 10.33903330907085 63.6791452015705
30.636237529223102 10.970077986018326 66.69001279374889
29.3390494443948 13.467670144005785 68.71705152894496
28.616226406579365 12.507353397410235 71.70171203532344
33.65315101650966 15.630385739150595 52.65052133430532
32.859184871452264 18.499644803728124 53.157671199557754
31.3523487639495 20.792320638447706 51.30201321101174
30.75674245512157 23.455207315951547 53.299234517000706
28.38257908668492 22.85121728231235 55.19249472462184
26.861496885920396 21.07352416302414 56.419725714839004
37.237188039042806 12.031243067985104 48.93810920587436
39.38222785740081 12.93126903532231 51.143349833889445
1.8249986072777125 15.800130585678358 51.70662489882019
2.45216279843522 18.74932965105663 49.87853879612887
1.7786858056326178 22.427210114650677 49.83869925140012
0.1434702658846048 23.43625172556142 47.34894364601517
32.226307741222925 14.000568661191187 8.087319926747574
32.84464985964996 15.235296472792822 10.710748064799624
32.36087635133631 19.07850094749829 10.53123325296877
34.37955984303862 21.223572972627554 12.702178063277845
36.80391423843572 18.702465221284395 13.400088715352595
36.68598495677069 17.14187895722915 15.99112140196702
29.108555637668925 25.960639144648166 6.342591156414795
31.198001269755263 24.896745651163577 6.933889893232657
33.171510146209386 22.836829219551856 8.637294289738213
36.727557667863366 21.92001919909254 9.122048143261377
39.46007766672035 23.10001151387226 9.700821111189232
1.604665892777624 24.466356844666006 10.578288073956529
39.103860414795726 30.077441100738646 9.247430896809568
0.9160424353676033 30.584783368202935 11.387126310492153
2.6932998260660033 29.37563003697954 13.62687197955172
2.4708782704290453 26.062432032373476 15.095325947155898
1.77272358751265 26.48650940205221 18.038170730118228
1.8644641292421162 25.372856774761686 20.30785676396193
0.6898302753771456 30.325374473276998 25.017492008495445
1.7154350855253861 31.069160078263312 27.88431954337474
1.2111984247576746 30.25785101864214 30.97933742048987
0.9944669311417271 29.231123193309394 34.33225572742505
2.5323182878505546 30.170245992176014 36.93394974872486
1.8876108151809625 29.298281258857763 39.533785648596826
7.1798199704806756 36.17102580382267 32.46914261284789
4.65039517519765 34.30970641985291 32.80983442214682
4.866951886253597 30.802251829545032 32.330867138427415
4.261970816144722 27.481121985353322 31.079344270858464
4.01179421534854 25.327702082589095 33.45724190759283
4.178522809814598 23.882989454115446 35.71976264566692
1.7701186103674271 38.610036541645805 54.46547905155812
3.083985457451819 35.78885560204919 53.76574572249044
2.111017285704169 32.69924545083577 54.80665186406106
0.8120297048051497 30.581924277426868 57.82549105121747
38.10591219855596 29.821796626891114 60.01745961950457
36.81291122278717 27.167042410896872 60.85917426097426
3.140171981557578 36.9940253109075 59.91049044228514
0.5753965675691743 35.43369087500977 60.097275105472484
39.1190385202778 34.18431908475606 57.1886176422075
37.49053997283183 31.385771290630917 55.21093930210263
34.38646338580375 29.36887046220753 55.3978592098948
31.936186103597922 28.564001137787038 53.87967726592362
26.28755460386592 0.46650214126499523 72.94289324274283
28.43807492034715 1.062607767158106 73.97297958155579
30.337703149245826 0.4486319254345568 1.5950492199857003
33.32175279369737 38.41781387053284 2.664264069025198
35.73899798714864 36.54011390560938 2.0779530453429103
37.678014712660236 36.74773017881696 0.16712359830572154
37.76672487499443 39.69064035308199 69.37462899932113
36.049351196214594 37.273448498272934 69.50707041979359
34.38212205414093 34.55493345735406 70.65874202684675
34.318563145276876 32.48159254893535 73.92890419959521
32.66345922374438 29.940861197224287 0.968252021035302
29.40609424317561 29.246561403336077 1.5182615504768002
29.651508138474796 35.329849067254656 1.7990145883852218
30.135375800995817 35.381380595056115 73.55564281356541
30.905547039809928 37.71721537273787 71.11124447978504
33.375497975880386 39.89746022076842 73.40151494214344
35.23821330044199 2.4536384318698072 0.14614773988246554
33.82098774868304 4.624319019900566 1.5259736215072994
37.97052067671425 5.648018563816817 70.9694569423381
36.59192030718148 7.712803850204728 72.13177433305948
33.83736659004898 9.07991144389801 73.25914329465985
30.414874580051812 8.191857345149552 74.43655505457178
31.140001496987143 10.275600310954639 2.3592136326357207
30.072392559592778 12.691413278827198 3.0174074494456327
35.06104731864923 12.259291045462911 68.6741268461736
35.27794490587895 13.736708919700915 71.06425322323156
33.03609197011259 13.462592573083672 73.54927995687136
32.74810538746167 16.191497264937716 0.695795914486307
30.073260854622102 17.66166561001436 74.05296608536848
30.16675223220183 19.04245229149758 71.395848528887
30.11236246668948 16.132500057780337 58.12532880165108
32.8158033787882 15.376432794355418 58.67587557495888
34.80598383101919 15.643371001163777 61.39638274116878
36.97834672972719 18.392410325568335 60.377115049510444
37.383546012631925 20.325178112414402 62.91696667444561
38.4881624618775 21.534201399279755 64.91896844650371
38.63328734033443 14.145369092551187 64.1898404982806
39.690064910133934 15.777115364929355 66.31742331008485
39.246794705780324 16.62050866816871 69.50056255199542
36.09182856640638 18.832694101922904 68.78890618290546
33.502789558468685 17.98701594555146 66.8003927998575
31.604690546289206 18.68405831071608 64.39801013336927
33.90159667379621 12.359170689689597 42.01989516739502
36.356028317022336 13.378994918970315 43.11053012651774
38.74042605363867 15.350201401812095 40.960606919219984
39.61409811040086 18.343778420757026 39.16973385479855
1.2963647196214458 20.88872928934531 40.45188714650606
2.080699774318175 23.434182947654737 41.39068162685405
36.684327902798465 13.10194046947042 20.583073028348846
38.3369903889815 13.073581045372316 23.215644779952452
1.1298436425266607 12.793296237438305 24.274977013243397
2.42771240545214 10.81798223632427 27.09044317524461
3.6586710545973435 12.205287518071179 29.738177789945624
4.967784409696551 14.547029084938057 30.64037522411503
3.6702578016903002 3.4579767528524608 22.121657604273693
3.3421251440724222 5.21793879806072 19.896287940967582
4.700083430458417 8.187281713896185 19.337406209164417
2.74474624647915 10.528116005517163 21.121642952879256
3.172890394375517 13.487079325273788 19.544951398617634
2.2583335878354935 14.71153891370736 17.644501775684827
39.72901219288377 35.21103392951378 16.05913341497542
39.623156195063814 32.47408574222002 16.834344975488385
1.005136275108741 31.152802027122878 19.745384013303724
4.212769931313541 30.169184314191686 21.407765488135702
6.2593128593256475 28.29393139306144 23.071367048979337
5.96446578545828 26.71729994667976 25.887914291209064
10.54297822248304 24.591846295116035 20.585618030018352
7.993698636260813 22.8920177587715 20.372287546320194
7.915598682492477 20.98100878435705 23.250042217638132
5.497012030765657 21.68969299962245 25.681320254559736
5.275329401464733 21.298393266818977 29.016707005519947
6.320929551158667 20.20524781959484 31.226445118876875
5.367923523033766 38.31058827384332 43.44549913269279
7.616238711540659 36.966817693894114 45.27361626714952
5.487799295414756 35.02166859878027 47.52813639354103
6.434545435162671 31.793268205116938 47.36172562445653
5.32676400272143 28.832474644318232 45.43414562656067
3.238570893469898 27.61783724450302 45.43107791205034
9.656597552459754 32.745490994655704 56.51985655364394
7.261349943802877 33.387716644844375 57.41645102314812
4.722496418164894 31.089302887248323 58.31351748387576
4.226675345179466 29.153531892632454 55.371298103967256
2.034413307772866 26.481665796540483 54.65918673156436
39.604484404441244 25.701671345591222 55.20458610018178
3.3734564779318776 26.40617418076382 60.70502174446804
1.9020129694692687 24.148351405209603 60.87131151333627
39.77610948498847 22.589558311097566 59.140849087259056
37.48905880195443 20.948430768879497 57.15904598781838
34.510910584348636 22.788002761627208 57.14349665189227
32.85731626929311 21.486916700871113 59.14307042445806
9.96166487086843 33.59015016193343 67.1800722557772
7.315098957315906 32.756326397267145 68.15519075374579
4.452450730551964 32.81171321887521 68.69722401284997
0.9095280585101211 32.58544304074469 69.0470543394847
38.48519018045442 31.365367876111744 70.8007019625569
37.13001642271132 29.001960799250497 71.09244007734007
33.27152052261281 24.469367004675995 64.756174377155
34.06014167792259 24.878470952500297 67.52656095376308
33.86776246887088 22.50169705424845 69.6770982299724
34.63125622206063 24.907832054809578 72.56345901292245
31.053272928911472 24.73125261275485 73.15699000442793
30.260904952595986 23.543677519923317 0.8034530517284003
1.353189687001751 1.4609540714998066 73.99756269429001
4.333546101802215 2.297863328262922 73.89346423512868
6.247749128850077 0.27774068369227184 0.9025222336888257
9.137619539263676 38.73504089846036 1.2875813473154707
12.50329966833663 38.2103211321986 1.1324003319693596
14.839360749210007 39.06362992250962 74.46441507106452
3.942914077901173 4.136234285243436 68.23934913347682
5.601064285536604 5.48047196039845 65.98198900104022
8.82188492559367 6.9162921232332035 66.14588027830791
10.862031021327237 9.42468556202374 67.98517506527631
9.525010368491131 9.098257770308924 71.27346157933975
6.889533634351587 8.069268061354112 71.97331295171116
9.678959985763436 18.60630412274793 57.52182924649965
9.160877812271059 18.81093911669214 60.12296467637312
7.5795370742053985 17.566156961767593 62.8857747062713
5.434491689912373 17.116708333626647 65.54782624962259
5.246870053937995 13.876300626063518 65.20396377241211
6.511909057662815 11.419818668378811 66.48425307277138
0.751590734272853 9.439286224005825 67.57855701609031
1.402111043365819 10.869712982689354 70.2341058735802
0.6959763242201489 12.97301983339372 72.9138883901511
2.381079306382693 10.926902774800768 0.23012078360136365
1.7039978026627505 7.60871871632028 0.5008448966428828
39.62428719286168 6.324141878607525 2.3293285037328038
38.524255317320325 13.76103541215555 58.206513817899896
38.425145234475096 15.81979341531222 56.15314588494644
38.317436397608944 18.10989476984778 53.47219133337373
37.748101396712535 21.49453967508195 52.53578741403387
35.58277912301499 23.98581404081497 51.25649743392923
34.227080411157 24.35710548028527 48.74430914948956
2.10567029379081 11.418052784801338 42.33895697168715
2.1132853241554663 12.438906408125659 45.38198508099498
2.9692773046985086 15.141023303631828 47.38124177221592
5.711402833177806 17.14296562601662 46.41765430336792
4.973731017650886 20.132536396538146 45.473639795312835
6.822173766201775 22.70819566305778 45.570760675068705
7.435150301525147 5.266149272166153 28.656843328893785
5.98477566316187 6.630822896776359 26.845854134420232
4.821397732326058 8.329987073757351 24.114518905333327
5.2529992601342395 12.212463919330686 24.319605121292213
6.2403802305944325 15.40688756655835 24.710310903411653
8.309812584438427 16.940349807032547 26.049876108069984
37.10549541739762 11.715283644898348 1.6224890188586383
36.4997647793939 13.980517899874958 3.7685527228930082
37.78186340506268 17.023799539165392 4.0185993902943995
38.20755790206856 20.308044192977466 4.645219729811774
1.0443031025402774 21.73385007788177 3.7562881347460717
3.6751353668794526 22.929555595560576 4.578861679853277
35.799723866326474 24.982239765516663 2.6120355456095434
36.67802299968084 25.898028199485758 5.180096339753173
39.79615085390653 26.703854918625076 5.616171230447995
2.825576887767405 28.033467389741798 6.343392587621502
6.050133016107116 27.742898749046798 7.795722190648998
6.689407738406525 29.032621480447954 10.240222414529299
2.7422012725795484 37.528617479052336 23.5593557331521
2.9549638148766526 35.398378514438534 21.653526679189792
4.006315367060532 34.14929520921417 18.780211666388993
5.029083008785303 31.060325040148236 17.128362321128026
7.185947020537873 28.696726865640393 16.950891948698462
7.786129090245462 26.375243508785857 15.223010580597082
10.636737363373653 39.9127292341398 40.933004409133375
9.833769329428426 37.67859816775387 39.05317581172078
8.825767804755062 34.77225892600792 37.0585944859607
8.677348101417225 31.79199009235041 34.974515999980134
10.064558686536062 29.831933332626193 32.45664889637837
9.304161207091722 27.19467463534526 31.011486337366627
11.746827412492237 23.465485876894796 48.4431752754
12.829002995371992 25.318672387018054 51.091680350186046
10.399277688769908 24.048319467955814 53.57637567055949
7.499726748794218 22.438778447136713 54.865757232256314
4.723289956362398 21.46813472397723 56.24987944873612
2.5963628327883614 19.920987830727206 55.20503281324621
6.626490414155155 25.81456955830344 50.71970740314328
7.122874334223054 28.520961701321244 51.414396307636764
10.109112051144965 29.970598315459377 51.86905555779278
11.075315998487168 28.056530547355003 55.00830005613073
8.416954531257623 26.9754029902957 57.41615478476773
9.136247358741652 24.77244488255785 59.116612831886
1.862760137080681 39.31761538326861 65.20609522659839
1.9894430659200657 36.39224491154773 65.90581137249016
4.007732043466147 34.057431976107 64.45950546105891
2.4089363909924963 31.168152218302488 62.32060802431659
1.7035820361203344 29.583226389055106 65.22961872014741
0.06740156643528589 27.180340741122997 66.12873739809551
13.775296345545133 29.09375224528885 65.37003618703446
13.41988099759849 27.522368459147806 62.87377417115195
12.28097118840915 29.08585834031957 60.26618794054184
10.449812225091753 31.898050061959044 62.026751408392606
7.722993172081407 30.355124643466137 62.673713394216186
7.638239475037568 27.95825654694292 64.74071202654362
15.532078752511866 0.19571316698461433 68.64379416270168
13.492222248566542 38.11876285054011 68.89036841083198
10.900636706221132 38.77120084946709 66.81580854740632
9.426263912884615 2.0314644216428603 67.41699095576921
10.360894007691426 3.1346966591079113 70.18175718866425
10.815658427272247 3.2407258709682236 73.1124203663087
10.901945265560805 10.772412353741629 62.52705265444762
10.773137096233302 13.669329397261894 62.331439256851276
12.649480783798474 16.344379716414302 63.03029392823814
14.929879935783475 17.0074057545165 65.90409184387445
18.220464730609468 17.25790222132241 64.5926366675831
20.745128470666945 16.45736738902576 64.5342719654313
15.283093369191484 11.811134325948377 66.43639150868505
17.32223579187482 10.842052060250703 65.17821705241782
19.947025524003948 11.651515518142173 63.37807452397764
22.121483509496922 12.187160990101034 61.2656931948955
22.757027197477864 13.786062748336118 58.607768376338825
24.554582558036866 15.710995578340452 56.94878726812259
39.91284245946595 8.688895276695996 61.15375340401662
2.5896464747731467 9.375978417570117 62.13563593362543
5.855077499243415 9.874332430785918 61.21289563133505
5.969788617891455 13.153803822992113 59.856412187383754
3.973463221377807 15.840116341901188 59.479975482693476
2.605991241940795 18.11048367469443 60.953661520873375
7.664466797101176 5.659838561864246 51.27033894899853
9.955271950112696 7.412100599176534 52.418370507530994
11.566665336691464 10.210286029462477 51.56447320618463
12.163812216096423 13.615712947643738 51.3734389305747
13.043348746122136 16.655581316503522 52.71353858932649
13.458726943017606 18.98506893201301 52.00007253716741
3.8044453249698083 17.721402907985535 35.95086354231858
3.751601130749802 15.631737991335898 38.20704792385978
3.2061254297637123 16.426431845138495 41.71083907504514
0.6282703038017462 17.338220045406626 43.94839670627246
38.593546313044385 17.513069594404175 46.50276697442916
36.9518362336152 18.339784097179873 48.47621453632484
1.3890099117368861 11.063286147458586 5.768371240510803
3.367764668447522 11.96012044020142 7.562658510620927
4.198249182139489 13.855959573049274 10.454751015220527
2.814826929498108 16.46638098919673 12.863116974847491
2.7418361000783267 19.570863713973235 13.999314984704682
4.4004821131397 21.19978986540069 15.914202335059533
30.209194007766087 18.997226955284336 5.331629552249473
33.03978917223862 19.214510559850037 4.888444415567989
35.34913040398598 18.617125999867188 7.1512075192954665
37.545243090372786 16.30765113614324 8.34633582695946
0.5634145455397702 17.325179294062085 8.313727938821861
3.4668648636619053 18.105177142165143 8.028656775922052
38.38492877113629 31.459054196950664 3.1311025251728695
0.18968313495646624 30.154995799528507 1.4519666103817714
2.1899794763039546 27.71604096728486 1.9811423226011986
5.218469042901807 29.45575968457649 3.0907062176487434
7.556974690817819 27.26312943964317 1.8182828738011179
7.206918813033078 24.739759564849802 0.2222910805957075
33.22790454172702 30.571727058994256 7.755025741912011
33.00036944029732 32.81720717999771 6.095096415946152
33.20377229683375 36.09731663960803 6.630204774634583
34.46232069075486 37.52208375816247 10.31998866324978
37.299509035885215 35.81131923362527 10.229414679912603
38.592958319349975 35.708900345571514 7.385652454206033
0.9767573218631292 0.1899393215125826 4.4273151612428725
3.5081334165215576 39.43975468822897 5.949928634047831
6.493633596163692 38.34752981280326 4.553057618573187
9.328707364830144 36.04028641830968 5.3451115989329745
6.766386440448144 33.819587384871866 6.711900407490944
3.7814149628786136 33.200310916075644 6.267236355453612
3.4645339995988516 35.83624727446339 11.438691369893657
5.591262202055948 34.45381090547387 12.915505445994624
8.247037297634412 36.26792770660146 13.834092601622379
10.083512286234427 36.76592128051368 16.886964783769265
8.928945665950296 34.39152223961604 18.81093704449915
8.620908878938126 33.48983962235158 21.21667955750235
12.396077224120074 2.213545786605729 53.34766909955526
13.887751913153075 39.62921016628747 53.36686566737645
12.435559923626348 37.12182755040435 55.127768407051946
14.063848915625647 36.708885842717315 58.0287874722393
17.126096514484736 36.17658960584226 57.57372613779783
19.413503989343738 36.56879945932573 58.943836720985665
25.63692716766903 28.405958038294184 55.502511481206966
23.728974010294873 27.033548478726885 57.50850925419598
20.459218352819935 27.34922329452364 55.74811294876725
19.903816133943337 23.77235456150734 55.61376354605146
21.172219961686757 21.669814762443682 57.688533328795636
20.613861590321083 19.402251665603632 59.179811091200584
6.815426512999043 2.155647269021582 56.063725054419606
7.990926677302309 39.51062346465809 56.97239914039132
11.08502749162139 39.969369613682176 58.934384766415405
12.10064697211242 1.7367723110835105 61.73378588644872
13.21472249758903 3.421075324901304 64.32016639129763
13.473220998399999 6.008593529244827 64.90505825701648
17.402096747646063 8.546530228497785 71.00949070797967
15.544742753014077 6.595903270947914 70.52885375794162
15.744921889003368 3.712557642030739 72.49903484172398
19.286508459841706 2.7815763209023454 71.07612684690484
21.147950154267615 0.12304434206885269 70.57150401438163
20.832033937209847 37.85273828676078 72.68547301313028
19.165925473762883 4.794206243470379 66.34744047379473
21.2716416947573 6.046000113080362 65.87504550546637
23.95264212271268 6.375066811007976 63.8432724223858
26.170392487030185 8.311956356731685 65.6501348695168
24.356085487190963 11.225888091450118 66.12291606236111
22.643284735429326 11.515740952351551 68.49320448990703
8.93697249055891 12.889943847025146 55.70595991985347
11.61553774610148 11.844063508270217 56.45264103530493
14.45973792586471 12.017128380225126 54.90624366153126
17.28323412055932 13.558887057817122 53.397808312908865
19.051165643769306 16.294912899831964 53.640710229846434
21.000524092103245 17.847542372253983 52.292039332906725
5.484417734671925 8.095821416181074 56.449135216407626
3.1732272547467772 10.243691572050272 56.21306347059221
2.955778943278455 13.579613928071701 54.94101935219684
5.305386089683902 15.830923905647698 54.239396430373844
7.045818449358542 17.282151574674913 51.86688696856025
7.494460879653607 19.661967852705693 50.770931679120565
9.172420779339683 2.7436166135978888 46.052501792670476
11.801467945588575 4.376183419986445 47.019370595691825
13.720824066835055 7.096367133953457 45.65215365569322
13.338021704967963 10.751398495284777 46.67067679118477
11.641841864518701 13.853344944045947 45.42390048532049
10.971419544848759 16.6971008725162 46.88283186099842
3.1980662191832803 6.342382214473614 45.317027545635085
5.473383127996536 7.62154953593277 45.388553693097755
6.924319626470436 10.736226601233227 43.94590328688116
6.855923999786879 14.543164855532314 43.464775151906956
8.36270407645609 17.188379930275108 41.43704637387101
7.430020410926446 20.129433539303157 39.9465706043517
5.332683241561021 3.403572981132636 39.950559121776855
3.922679986142249 5.948614556871783 39.43593125939091
5.857427229425926 8.760545139735365 40.17576007329958
7.0283054043811175 11.90540957962075 40.09184209842809
10.432208820433742 12.107309349698722 39.73648523182329
12.119551976535757 11.821529118581443 37.83498539954217
6.285015963484441 14.09445030522041 71.89750312206415
4.5627571622274585 16.443437281840016 70.82156673220808
5.039417112398479 20.001195798104046 70.94979123588115
5.004611401081683 23.249530539669536 71.0007898441291
4.5738514883568 26.69987403446692 70.15668720523307
4.232566565117204 29.028172962650757 72.03326833157568
35.50022893909884 19.9151763935798 74.23786746899339
37.7418504794418 18.126781853861477 74.21394212285414
1.2813804123707107 19.234656124794483 73.69506620573797
4.607868247215489 20.14955625444239 0.26263952851034844
5.169968699968143 17.392961824034565 2.229849713151137
2.7261721503109357 15.665415093131989 2.284239293659767
8.113509935476184 37.793021342136456 71.63653530149678
6.318624794725455 38.33915116972199 69.35245396055038
3.0386671648158012 39.2857002042012 70.04548271209465
1.1929028693180028 36.23686327582777 71.07908146277914
3.149031064378037 34.626846556586464 73.45104705207055
3.73594511596333 35.76379413601646 0.9695908838686265
6.009503619856766 2.5528093992169625 11.311922865979112
7.391109465856751 0.36118580090378766 10.37085929483686
8.531473757474892 38.18406434544806 8.676613578320293
10.704165341537658 36.47162036473449 10.576466739671643
11.298069580914397 33.026501504532085 10.631833599812033
11.169358198709064 31.840727909555355 13.870650860506203
12.817777261132672 35.35850043187236 33.85782804543684
13.766316221463308 34.31675362254004 35.937249618582065
11.932312722920866 31.998218834611237 37.85323280832091
10.682654424297759 29.02295666918817 37.3786226622396
7.942001005784246 27.73831557398902 37.87057418473508
7.401647355844473 26.046604625748664 40.41682185481231
6.568536463897004 32.78571456319656 40.944937552618974
9.021109256565259 32.14027365718613 42.10008725910065
11.2555760117337 29.179254061629447 41.448836682208274
12.747584824329907 25.902768684941435 39.87651677916201
11.966720240971238 23.45481488921094 37.35627239553378
10.156434239690348 22.517802712934678 35.1143641330579
15.182280680796403 25.459191377659042 57.175192784712195
14.433665842642954 22.65965465931419 56.55424105283193
16.827521024667824 20.75217809589109 55.25305852560443
17.62691658665764 23.262102733109778 52.62005260905312
17.720156865002803 22.13017626330864 49.34024042607483
17.276623837775087 22.327243692243407 46.39769972486197
7.549205361671268 0.14321710272541566 63.15079105211476
8.203645412919617 36.96617646798104 62.67805613907859
10.851125871712044 35.78693775717707 60.30005022647488
13.665713478576617 32.78322380787023 59.39820430900356
17.024699974936574 30.81556444952411 59.60032868043981
18.885759648097636 28.430073908445106 60.53509541907383
8.65591547679603 5.499741376354761 60.77330129993518
10.903529228971761 5.7887400172929375 58.59843848306873
13.960930158305283 7.137204540819825 59.98932796326116
17.358568916894356 7.313142614718858 61.203371496144705
20.393645379338516 7.6069930482400085 60.1601146784006
22.511329812391377 7.362138172237276 58.37355185497734
15.899684753093547 2.1635291351478645 58.489835922827396
17.870202811604692 2.427754009857664 60.54332182131707
20.971186735358874 2.3195656191223195 59.48204145047806
23.01032512792904 2.4804373496325414 62.44428417415499
21.998615556636018 39.91977045021287 64.42925351515368
20.045593885476535 38.35432497356879 64.94958582754798
20.12938228100537 8.832709366155512 48.528418245952196
18.53710527131998 8.988705180901855 45.971762894266774
19.910185896637344 9.137733629701431 42.778037775440616
22.567361578306798 11.562868485825138 42.36784345468647
22.219441861732765 13.652362315110711 44.67705313022921
22.855334489103626 14.171285870149944 47.74548214426884
15.762031243062788 7.05080384925412 55.128418919048634
18.054257500427383 8.224684947563672 54.237091983314805
19.00249761794054 10.942999933846714 56.22751415733747
16.001142478416362 10.805598227118983 59.001116067536
16.73525882218258 13.995909290126805 59.678427639056146
15.278001031876993 16.61993360351111 58.54539747492355
11.066489459007261 5.466777844778786 38.754300158619046
10.60501546645588 6.620303076412225 41.5607601295378
10.415987477550408 8.723083950067267 44.25894438525539
9.465903505560805 9.61872420381733 47.71551102973934
7.251890480187407 12.129005886885384 49.03162977725803
5.378274981487964 11.337669227006655 50.76570284069604
5.057387039089362 7.536731373187923 14.33675488178553
4.643612623338339 10.371320012173483 13.77370094817617
5.999994620148265 14.051600953470244 14.297453041180189
6.7785375562291375 17.18235601265748 12.403032831153965
8.447179372160189 19.93799091204734 11.192507738456367
7.1971864664408765 22.41974768580254 10.588130197233706
2.5751412734017944 5.4815720851784295 7.392826756924096
1.4713136059177818 6.550939857580882 9.799193802838511
39.793427953645086 6.313245603920966 12.500261515343759
36.749656854538884 8.410909918308917 12.393699934755404
37.7788373382167 11.35096374304804 10.608315920222557
39.16947123371891 13.037334629988363 12.260927648937583
6.857007343812905 10.95114445045149 2.307852804649611
8.58319229656774 12.563809708731684 2.3250819956843705
11.529114374898787 14.070649972774122 3.2293844315702747
10.692001071705155 17.370442325791956 4.01700183751101
9.55379583203129 20.75915589313624 4.645730148910103
10.621050724828756 23.276292513581936 5.709257610493199
6.343379830831144 22.323989135222394 64.23501024081939
4.483771621505885 22.316502429714596 66.19915486708813
2.8392597553087513 19.60904021115001 67.23527949033011
0.3962992980160844 20.369294007948003 69.857514211422
39.35613081279325 23.253803732789674 70.75790919721902
0.3905291517465322 24.277980758899332 73.56824341477488
17.019665317423115 22.769724290093194 62.182132614650264
14.022758889562548 21.290328501457157 62.42138799644528
11.179706151340561 22.333774611755324 63.790591423837874
11.030638465959942 24.415683626825594 66.47659896417616
10.221916404678362 24.48309209871613 70.04355881907227
10.340903577803493 27.702765226024297 70.23864633473522
7.058727646240775 5.211229178511101 3.041841658982928
8.271092725548622 3.2666130563577647 4.985458149095039
10.404833635678967 0.5245889361030337 5.640897237155671
12.733900869128359 38.46150640232678 6.669350623000469
14.891143367103675 35.94232061296747 6.77833861416465
17.306309895437582 34.55325146276495 8.120665586526785
16.410261650565754 35.09599811038552 13.877862194839732
14.412508636879654 37.12765580979715 13.93355520857762
11.422776327705536 39.239935308834944 14.066777293555463
9.097260145093683 1.4985885748706362 15.327898122750602
6.394312426443558 0.8421695415374917 16.86734127797784
4.521421856294074 39.03954911183927 16.943206955914796
14.746235660883615 33.18791687868745 52.89235106818429
15.348231682203929 30.23055297595176 53.509079786163035
17.390791137259544 27.772750014265696 52.95120550407011
20.806682282183058 28.3861984230373 51.41655103005824
22.38085412298906 25.84362714317393 50.92225832200903
23.527821785371657 23.424170549049744 51.913431286367356
17.177686364329293 28.22215269083895 47.54779381289299
18.034625888549883 31.158475477406707 47.808025768196224
20.134550096210567 32.42064431453748 49.62252468262717
22.84053195235073 30.07513692822968 47.879825138122214
25.16119988148658 31.584862814947 50.064023643467706
28.2927319053148 32.29585288360741 51.10295081188451
14.656521127831034 37.68699061581159 62.954780224303974
14.987516128391826 34.90732600859973 63.89428136812733
17.64078491259586 32.90440606913342 64.17665030255583
20.982497936825002 33.48725449447949 63.16684273618031
23.56758474284656 32.320700536400906 61.23686171546458
25.618945520064592 30.193725592790155 62.51041701571509
