         1    -10.68924984    
         2    -10.68924984    
         3    -10.68924984    
         4    -10.68924984    
         5    -10.68924984    
         6    -10.69111202    
         7    -10.69111202    
         8    -10.69111202    
         9    -10.69111202    
        10    -10.69111202    
        11    -10.69111202    
        12    -10.69111202    
        13    -10.69111202    
        14    -10.69111202    
        15    -10.69111202    
        16    -10.69111202    
        17    -10.69111202    
        18    -10.69111202    
        19    -10.69111203    
        20    -10.69111203    
        21    -10.69111204    
        22    -10.69111204    
        23    -10.69111204    
        24    -10.69111204    
        25    -10.69111204    
        26    -10.69111204    
        27    -10.69111204    
        28    -10.69111204    
        29    -10.69111204    
        30    -10.69111204    
        31    -10.69111204    
        32    -10.69111204    
        33    -10.69111204    
        34    -10.69111204    
        35    -10.69111204    
        36    -10.69111204    
        37    -10.69111204    
        38    -10.69111204    
        39    -10.69111204    
        40    -10.69111204    
        41    -10.69111204    
        42    -10.69111204    
        43    -10.69111204    
        44    -10.69111204    
        45    -10.69111204    
        46    -10.69111204    
        47    -10.69111204    
        48    -10.69111204    
        49    -10.69111204    
        50    -10.69111204    
        51    -10.69111204    
        52    -10.69111204    
        53    -10.69111204    
        54    -10.69111204    
        55    -10.69111204    
        56    -10.69111204    
        57    -10.69111204    
        58    -10.69111204    
        59    -10.69111204    
        60    -10.69111204    
        61    -10.69111204    
        62    -10.69111204    
        63    -10.69111204    
        64    -10.69111204    
        65    -10.69111204    
        66    -10.69111204    
        67    -10.69111204    
        68    -10.69111204    
        69    -10.69111204    
        70    -10.69111204    
        71    -10.69111204    
        72    -10.69111204    
        73    -10.69111204    
        74    -10.69111204    
        75    -10.69111204    
        76    -10.69111204    
        77    -10.69111204    
        78    -10.69111204    
        79    -10.69111204    
        80    -10.69111204    
        81    -10.69111204    
        82    -10.69111204    
        83    -10.69111204    
        84    -10.69111204    
        85    -10.69111204    
        86    -10.69111204    
        87    -10.69111204    
        88    -10.69111204    
        89    -10.69111204    
        90    -10.69111204    
        91    -10.69111204    
        92    -10.69111204    
        93    -10.69111204    
        94    -10.69111204    
        95    -10.69111204    
        96    -10.69111204    
        97    -10.69111204    
        98    -10.69111204    
        99    -10.69111204    
       100    -10.69111204    
       101    -10.69111204    
       102    -10.69111204    
       103    -10.69111204    
       104    -10.69111204    
       105    -10.69111204    
       106    -10.69111204    
       107    -10.69111204    
       108    -10.69111204    
       109    -10.69111204    
       110    -10.69111204    
       111    -10.69111204    
       112    -10.69111204    
       113    -10.69111204    
       114    -10.69111204    
       115    -10.69111204    
       116    -10.69111204    
       117    -10.69111204    
       118    -10.69111204    
       119    -10.69111204    
       120    -10.69111204    
       121    -10.69111204    
       122    -10.69111204    
       123    -10.69111204    
       124    -10.69111204    
       125    -10.69111204    
       126    -10.69111204    
       127    -10.69111204    
       128    -10.69111204    
       129    -10.69111204    
       130    -10.69111204    
       131    -10.69111204    
       132    -10.69111204    
       133    -10.69111204    
       134    -10.69111204    
       135    -10.69111204    
       136    -10.69111204    
       137    -10.69111204    
       138    -10.69111204    
       139    -10.69111204    
       140    -10.69111204    
       141    -10.69111204    
       142    -10.69111204    
       143    -10.69111204    
       144    -10.69111204    
       145    -10.69111204    
       146    -10.69111204    
       147    -10.69111204    
       148    -10.69111204    
       149    -10.69111204    
       150    -10.69111204    
       151    -10.69111204    
       152    -10.69111204    
       153    -10.69111204    
       154    -10.69111204    
       155    -10.69111204    
       156    -10.69111204    
       157    -10.69111204    
       158    -10.69111204    
       159    -10.69111204    
       160    -10.69111204    
       161    -10.69111204    
       162    -10.69111204    
       163    -10.69111204    
       164    -10.69111204    
       165    -10.69111204    
       166    -10.69111204    
       167    -10.69111204    
       168    -10.69111204    
       169    -10.69111204    
       170    -10.69111204    
       171    -10.69111204    
       172    -10.69111204    
       173    -10.69111204    
       174    -10.69111204    
       175    -10.69111204    
       176    -10.69111204    
       177    -10.69111204    
       178    -10.69111204    
       179    -10.69111204    
       180    -10.69111204    
       181    -10.69111204    
       182    -10.69111204    
       183    -10.69111204    
       184    -10.69111204    
       185    -10.69111204    
       186    -10.69111204    
       187    -10.69111204    
       188    -10.69111204    
       189    -10.69111204    
       190    -10.69111204    
       191    -10.69111204    
       192    -10.69111204    
       193    -10.69111204    
       194    -10.69111204    
       195    -10.69111204    
       196    -10.69111204    
       197    -10.69111204    
       198    -10.69111204    
       199    -10.69111204    
       200    -10.69111204    
       201    -10.69111204    
       202    -10.69111204    
       203    -10.69111204    
       204    -10.69111204    
       205    -10.69111204    
       206    -10.69111204    
       207    -10.69111204    
       208    -10.69111204    
       209    -10.69111204    
       210    -10.69111204    
       211    -10.69111204    
       212    -10.69111204    
       213    -10.69111204    
       214    -10.69111204    
       215    -10.69111204    
       216    -10.69111204    
       217    -10.69111204    
       218    -10.69111204    
       219    -10.69111204    
       220    -10.69111204    
       221    -10.69111204    
       222    -10.69111204    
       223    -10.69111204    
       224    -10.69111204    
       225    -10.69111204    
       226    -10.69111204    
       227    -10.69111204    
       228    -10.69111204    
       229    -10.69111204    
       230    -10.69111204    
       231    -10.69111204    
       232    -10.69111204    
       233    -10.69111204    
       234    -10.69111204    
       235    -10.69111204    
       236    -10.69111204    
       237    -10.69111204    
       238    -10.69111204    
       239    -10.69111204    
       240    -10.69111204    
       241    -10.69111204    
       242    -10.69111204    
       243    -10.69111204    
       244    -10.69111204    
       245    -10.69111204    
       246    -10.69111204    
       247    -10.69111204    
       248    -10.69111204    
       249    -10.69111204    
       250    -10.69111204    
       251    -10.69111204    
       252    -10.69111204    
       253    -10.69111204    
       254    -10.69111204    
       255    -10.69111204    
       256    -10.69111204    
       257    -10.69111204    
       258    -10.69111204    
       259    -10.69111204    
       260    -10.69111204    
       261    -10.69111204    
       262    -10.69111204    
       263    -10.69111204    
       264    -10.69111204    
       265    -10.69111204    
       266    -10.69111204    
       267    -10.69111204    
       268    -10.69111204    
       269    -10.69111204    
       270    -10.69111204    
       271    -10.69111204    
       272    -10.69111204    
       273    -10.69111204    
       274    -10.69111204    
       275    -10.69111204    
       276    -10.69111204    
       277    -10.69111204    
       278    -10.69111204    
       279    -10.69111204    
       280    -10.69111204    
       281    -10.69111204    
       282    -10.69111204    
       283    -10.69111204    
       284    -10.69111204    
       285    -10.69111204    
       286    -10.69111204    
       287    -10.69111204    
       288    -10.69111204    
       289    -10.69111204    
       290    -10.69111204    
       291    -10.69111204    
       292    -10.69111204    
       293    -10.69111204    
       294    -10.69111204    
       295    -10.69111204    
       296    -10.69111204    
       297    -10.69111204    
       298    -10.69111204    
       299    -10.69111204    
       300    -10.69111204    
       301    -10.69111204    
       302    -10.69111204    
       303    -10.69111204    
       304    -10.69111204    
       305    -10.69111204    
       306    -10.69111204    
       307    -10.69111204    
       308    -10.69111204    
       309    -10.69111204    
       310    -10.69111204    
       311    -10.69111204    
       312    -10.69111204    
       313    -10.69111204    
       314    -10.69111204    
       315    -10.69111204    
       316    -10.69111204    
       317    -10.69111204    
       318    -10.69111204    
       319    -10.69111204    
       320    -10.69111204    
       321    -10.69111204    
       322    -10.69111204    
       323    -10.69111204    
       324    -10.69111204    
       325    -10.69111204    
       326    -10.69111204    
       327    -10.69111204    
       328    -10.69111204    
       329    -10.69111204    
       330    -10.69111204    
       331    -10.69111204    
       332    -10.69111204    
       333    -10.69111204    
       334    -10.69111204    
       335    -10.69111204    
       336    -10.69111204    
       337    -10.69111204    
       338    -10.69111204    
       339    -10.69111204    
       340    -10.69111204    
       341    -10.69111204    
       342    -10.69111204    
       343    -10.69111204    
       344    -10.69111204    
       345    -10.69111204    
       346    -10.69111204    
       347    -10.69111204    
       348    -10.69111204    
       349    -10.69111204    
       350    -10.69111204    
       351    -10.69111204    
       352    -10.69111204    
       353    -10.69111204    
       354    -10.69111204    
       355    -10.69111204    
       356    -10.69111204    
       357    -10.69111204    
       358    -10.69111204    
       359    -10.69111204    
       360    -10.69111204    
       361    -10.69111204    
       362    -10.69111204    
       363    -10.69111204    
       364    -10.69111204    
       365    -10.69111204    
       366    -10.69111204    
       367    -10.69111204    
       368    -10.69111204    
       369    -10.69111204    
       370    -10.69111204    
       371    -10.69111204    
       372    -10.69111204    
       373    -10.69111204    
       374    -10.69111204    
       375    -10.69111204    
       376    -10.69111204    
       377    -10.69111204    
       378    -10.69111204    
       379    -10.69111204    
       380    -10.69111204    
       381    -10.69111204    
       382    -10.69111204    
       383    -10.69111204    
       384    -10.69111204    
       385    -10.69111204    
       386    -10.69111204    
       387    -10.69111204    
       388    -10.69111204    
       389    -10.69111204    
       390    -10.69111204    
       391    -10.69111204    
       392    -10.69111204    
       393    -10.69111204    
       394    -10.69111204    
       395    -10.69111204    
       396    -10.69111204    
       397    -10.69111204    
       398    -10.69111204    
       399    -10.69111204    
       400    -10.69111204    
       401    -10.69111204    
       402    -10.69111204    
       403    -10.69111204    
       404    -10.69111204    
       405    -10.69111204    
       406    -10.69111204    
       407    -10.69111204    
       408    -10.69111204    
       409    -10.69111204    
       410    -10.69111204    
       411    -10.69111204    
       412    -10.69111204    
       413    -10.69111204    
       414    -10.69111204    
       415    -10.69111204    
       416    -10.69111204    
       417    -10.69111204    
       418    -10.69111204    
       419    -10.69111204    
       420    -10.69111204    
       421    -10.69111204    
       422    -10.69111204    
       423    -10.69111204    
       424    -10.69111204    
       425    -10.69111204    
       426    -10.69111204    
       427    -10.69111204    
       428    -10.69111204    
       429    -10.69111204    
       430    -10.69111204    
       431    -10.69111204    
       432    -10.69111204    
       433    -10.69111204    
       434    -10.69111204    
       435    -10.69111204    
       436    -10.69111204    
       437    -10.69111204    
       438    -10.69111204    
       439    -10.69111204    
       440    -10.69111204    
       441    -10.69111204    
       442    -10.69111204    
       443    -10.69111204    
       444    -10.69111204    
       445    -10.69111204    
       446    -10.69111204    
       447    -10.69111204    
       448    -10.69111204    
       449    -10.69111204    
       450    -10.69111204    
       451    -10.69111204    
       452    -10.69111204    
       453    -10.69111204    
       454    -10.69111204    
       455    -10.69111204    
       456    -10.69111204    
       457    -10.69111204    
       458    -10.69111204    
       459    -10.69111204    
       460    -10.69111204    
       461    -10.69111204    
       462    -10.69111204    
       463    -10.69111204    
       464    -10.69111204    
       465    -10.69111204    
       466    -10.69111204    
       467    -10.69111204    
       468    -10.69111204    
       469    -10.69111204    
       470    -10.69111204    
       471    -10.69111204    
       472    -10.69111204    
       473    -10.69111204    
       474    -10.69111204    
       475    -10.69111204    
       476    -10.69111204    
       477    -10.69111204    
       478    -10.69111204    
       479    -10.69111204    
       480    -10.69111204    
       481    -10.69111204    
       482    -10.69111204    
       483    -10.69111204    
       484    -10.69111204    
       485    -10.69111204    
       486    -10.69111204    
       487    -10.69111204    
       488    -10.69111204    
       489    -10.69111204    
       490    -10.69111204    
       491    -10.69111204    
       492    -10.69111204    
       493    -10.69111204    
       494    -10.69111204    
       495    -10.69111204    
       496    -10.69111204    
       497    -10.69111204    
       498    -10.69111204    
       499    -10.69111204    
       500    -10.69111204    
       501    -10.69111204    
       502    -10.69111204    
       503    -10.69111204    
       504    -10.69111204    
       505    -10.69111204    
       506    -10.69111204    
       507    -10.69111204    
       508    -10.69111204    
       509    -10.69111204    
       510    -10.69111204    
       511    -10.69111204    
       512    -10.69111204    
       513    -10.69111204    
       514    -10.69111204    
       515    -10.69111204    
       516    -10.69111204    
       517    -10.69111204    
       518    -10.69111204    
       519    -10.69111204    
       520    -10.69111204    
       521    -10.69111204    
       522    -10.69111204    
       523    -10.69111204    
       524    -10.69111204    
       525    -10.69111204    
       526    -10.69111204    
       527    -10.69111204    
       528    -10.69111204    
       529    -10.69111204    
       530    -10.69111204    
       531    -10.69111204    
       532    -10.69111204    
       533    -10.69111204    
       534    -10.69111204    
       535    -10.69111204    
       536    -10.69111204    
       537    -10.69111204    
       538    -10.69111204    
       539    -10.69111204    
       540    -10.69111204    
       541    -10.69111204    
       542    -10.69111204    
       543    -10.69111204    
       544    -10.69111204    
       545    -10.69111204    
       546    -10.69111204    
       547    -10.69111204    
       548    -10.69111204    
       549    -10.69111204    
       550    -10.69111204    
       551    -10.69111204    
       552    -10.69111204    
       553    -10.69111204    
       554    -10.69111204    
       555    -10.69111204    
       556    -10.69111204    
       557    -10.69111204    
       558    -10.69111204    
       559    -10.69111204    
       560    -11.15090913    
       561    -11.15090913    
       562    -11.15090913    
       563    -11.15090913    
       564    -11.15090913    
       565    -11.15090913    
       566    -11.15090913    
       567    -11.15090913    
       568    -11.15090913    
       569    -11.15090913    
       570    -11.15090913    
       571    -11.15090913    
       572    -11.15090913    
       573    -11.15090913    
       574    -11.15090913    
       575    -11.15090913    
       576    -11.15090913    
       577    -11.15090913    
       578    -11.15090913    
       579    -11.15090913    
       580    -11.15090913    
       581    -11.15090913    
       582    -11.15090913    
       583    -11.15090913    
       584    -11.15090913    
       585    -11.15090913    
       586    -11.15090913    
       587    -11.15090913    
       588    -11.15090913    
       589    -11.15090913    
       590    -11.15090913    
       591    -11.15090913    
       592    -11.15090913    
       593    -11.15090913    
       594    -11.15090913    
       595    -11.15090913    
       596    -11.15090913    
       597    -11.15090913    
       598    -11.15090913    
       599    -11.15090913    
       600    -11.15090913    
       601    -11.15090913    
       602    -11.15090913    
       603    -11.15090913    
       604    -11.15090913    
       605    -11.15090913    
       606    -11.15090913    
       607    -11.15090913    
       608    -11.15090913    
       609    -11.15090913    
       610    -11.15090913    
       611    -11.15090913    
       612    -11.15090913    
       613    -11.15090913    
       614    -11.15090913    
       615    -11.15090913    
       616    -11.15090913    
       617    -11.15090913    
       618    -11.15090913    
       619    -11.15090913    
       620    -11.15090913    
       621    -11.15090913    
       622    -11.15090913    
       623    -11.15090913    
       624    -11.15090913    
       625    -11.15090913    
       626    -11.15090913    
       627    -11.15090913    
       628    -11.15090913    
       629    -11.15090913    
       630    -11.15090913    
       631    -11.15090913    
       632    -11.15090913    
       633    -11.15090913    
       634    -11.15090913    
       635    -11.15090913    
       636    -11.15090913    
       637    -11.15090913    
       638    -11.15090913    
       639    -11.15090913    
       640    -11.15090913    
       641    -11.15090913    
       642    -11.15090913    
       643    -11.15090913    
       644    -11.15090913    
       645    -11.15090913    
       646    -11.15090913    
       647    -11.15090913    
       648    -11.15090913    
       649    -11.15090913    
       650    -11.15090913    
       651    -11.15090913    
       652    -11.15090913    
       653    -11.15090913    
       654    -11.15090913    
       655    -11.15090913    
       656    -11.15090913    
       657    -11.15090913    
       658    -11.15090913    
       659    -11.15090913    
       660    -11.15090913    
       661    -11.15090913    
       662    -11.15090913    
       663    -11.15090913    
       664    -11.15090913    
       665    -11.15090913    
       666    -11.15090913    
       667    -11.15090913    
       668    -11.15090913    
       669    -11.15090913    
       670    -11.15090913    
       671    -11.15090913    
       672    -11.15090913    
       673    -11.15090913    
       674    -11.15090913    
       675    -11.15090913    
       676    -11.15090913    
       677    -11.15090913    
       678    -11.15090913    
       679    -11.15090913    
       680    -11.15090913    
       681    -11.15090913    
       682    -11.15090913    
       683    -11.15090913    
       684    -11.15090913    
       685    -11.15090913    
       686    -11.15090913    
       687    -11.15090913    
       688    -11.15090913    
       689    -11.15090913    
       690    -11.15090913    
       691    -11.15090913    
       692    -11.15090913    
       693    -11.15090913    
       694    -11.15090913    
       695    -11.15090913    
       696    -11.15090913    
       697    -11.15090913    
       698    -11.15090913    
       699    -11.15090913    
       700    -11.15090913    
       701    -11.15090913    
       702    -11.15090913    
       703    -11.15090913    
       704    -11.15090913    
       705    -11.15090913    
       706    -11.15090913    
       707    -11.15090913    
       708    -11.15090913    
       709    -11.15090913    
       710    -11.15090913    
       711    -11.15090913    
       712    -11.15090913    
       713    -11.15090913    
       714    -11.15090913    
       715    -11.15090913    
       716    -11.15090913    
       717    -11.15090913    
       718    -11.15090913    
       719    -11.15090913    
       720    -11.15090913    
       721    -11.15090913    
       722    -11.15090913    
       723    -11.15090913    
       724    -11.15090913    
       725    -11.15090913    
       726    -11.15090913    
       727    -11.15090913    
       728    -11.15090913    
       729    -11.15090913    
       730    -11.15090913    
       731    -11.15090913    
       732    -11.15090913    
       733    -11.15090913    
       734    -11.15090913    
       735    -11.15090913    
       736    -11.15090913    
       737    -11.15090913    
       738    -11.15090913    
       739    -11.15090913    
       740    -11.15090913    
       741    -11.15090913    
       742    -11.15090913    
       743    -11.15090913    
       744    -11.15090913    
       745    -11.15090913    
       746    -11.15090913    
       747    -11.15090913    
       748    -11.15090913    
       749    -11.15090913    
       750    -11.15090913    
       751    -11.15090913    
       752    -11.15090913    
       753    -11.15090913    
       754    -11.15090913    
       755    -11.15090913    
       756    -11.15090913    
       757    -11.15090913    
       758    -11.15090913    
       759    -11.15090913    
       760    -11.15090913    
       761    -11.15090913    
       762    -11.15090913    
       763    -11.15090913    
       764    -11.15090913    
       765    -11.15090913    
       766    -11.15090913    
       767    -11.15090913    
       768    -11.15090913    
       769    -11.15090913    
       770    -11.15090913    
       771    -11.15090913    
       772    -11.15090913    
       773    -11.15090913    
       774    -11.15090913    
       775    -11.15090913    
       776    -11.15090913    
       777    -11.15090913    
       778    -11.15090913    
       779    -11.15090913    
       780    -11.15090913    
       781    -11.15090913    
       782    -11.15090913    
       783    -11.15090913    
       784    -11.15090913    
       785    -11.15090913    
       786    -11.15090913    
       787    -11.15090913    
       788    -11.15090913    
       789    -11.15090913    
       790    -11.15090913    
       791    -11.15090913    
       792    -11.15090913    
       793    -11.15090913    
       794    -11.15090913    
       795    -11.15090913    
       796    -11.15090913    
       797    -11.15090913    
       798    -11.15090913    
       799    -11.15090913    
       800    -11.15090913    
       801    -11.15090913    
       802    -11.15090913    
       803    -11.15090913    
       804    -11.15090913    
       805    -11.15090913    
       806    -11.15090913    
       807    -11.15090913    
       808    -11.15090913    
       809    -11.15090913    
       810    -11.15090913    
       811    -11.15090913    
       812    -11.15090913    
       813    -11.15090913    
       814    -11.15090913    
       815    -11.15090913    
       816    -11.15090913    
       817    -11.15090913    
       818    -11.15090913    
       819    -11.15090913    
       820    -11.15090913    
       821    -11.15090913    
       822    -11.15090913    
       823    -11.15090913    
       824    -11.15090913    
       825    -11.15090913    
       826    -11.15090913    
       827    -11.15090913    
       828    -11.15090913    
       829    -11.15090913    
       830    -11.15090913    
       831    -11.15090913    
       832    -11.15090913    
       833    -11.15090913    
       834    -11.15090913    
       835    -11.15090913    
       836    -11.15090913    
       837    -11.15090913    
       838    -11.15090913    
       839    -11.15090913    
       840    -11.15090913    
       841    -11.15090913    
       842    -11.15090913    
       843    -11.15090913    
       844    -11.15090913    
       845    -11.15090913    
       846    -11.15090913    
       847    -11.15090913    
       848    -11.15090913    
       849    -11.15090913    
       850    -11.15090913    
       851    -11.15090913    
       852    -11.15090913    
       853    -11.15090913    
       854    -11.15090913    
       855    -11.15090913    
       856    -11.15090913    
       857    -11.15090913    
       858    -11.15090913    
       859    -11.15090913    
       860    -11.15090913    
       861    -11.15090913    
       862    -11.15090913    
       863    -11.15090913    
       864    -11.15090913    
       865    -11.15090913    
       866    -11.15090913    
       867    -11.15090913    
       868    -11.15090913    
       869    -11.15090913    
       870    -11.15090913    
       871    -11.15090913    
       872    -11.15090913    
       873    -11.15090913    
       874    -11.15090913    
       875    -11.15090913    
       876    -11.15090913    
       877    -11.15090913    
       878    -11.15090913    
       879    -11.15090913    
       880    -11.15090913    
       881    -11.15090913    
       882    -11.15090913    
       883    -11.15090913    
       884    -11.15090913    
       885    -11.15090913    
       886    -11.15090913    
       887    -11.15090913    
       888    -11.15090913    
       889    -11.15090913    
       890    -11.15090913    
       891    -11.15090913    
       892    -11.15090913    
       893    -11.15090913    
       894    -11.15090913    
       895    -11.15090913    
       896    -11.15090913    
       897    -11.15090913    
       898    -11.15090913    
       899    -11.15090913    
       900    -11.15090913    
       901    -11.15090913    
       902    -11.15090913    
       903    -11.15090913    
       904    -11.15090913    
       905    -11.15090913    
       906    -11.15090913    
       907    -11.15090913    
       908    -11.15090913    
       909    -11.15090913    
       910    -11.15090913    
       911    -11.15090913    
       912    -11.15090913    
       913    -11.15090913    
       914    -11.15090913    
       915    -11.15090913    
       916    -11.15090913    
       917    -11.15090913    
       918    -11.15090913    
       919    -11.15090913    
       920    -11.15090913    
       921    -11.15090913    
       922    -11.15090913    
       923    -11.15090913    
       924    -11.15090913    
       925    -11.15090913    
       926    -11.15090913    
       927    -11.15090913    
       928    -11.15090913    
       929    -11.15090913    
       930    -11.15090913    
       931    -11.15090913    
       932    -11.15090913    
       933    -11.15090913    
       934    -11.15090913    
       935    -11.15090913    
       936    -11.15090913    
       937    -11.15090913    
       938    -11.15090913    
       939    -11.15090913    
       940    -11.15090913    
       941    -11.15090913    
       942    -11.15090913    
       943    -11.15090913    
       944    -11.15090913    
       945    -11.15090913    
       946    -11.15090913    
       947    -11.15090913    
       948    -11.15090913    
       949    -11.15090913    
       950    -11.15090913    
       951    -11.15090913    
       952    -11.15090913    
       953    -11.15090913    
       954    -11.15090913    
       955    -11.15090913    
       956    -11.15090913    
       957    -11.15090913    
       958    -11.15090913    
       959    -11.15090913    
       960    -11.15090913    
       961    -11.15090913    
       962    -11.15090913    
       963    -11.15090913    
       964    -11.15090913    
       965    -11.15090913    
       966    -11.15090913    
       967    -11.15090913    
       968    -11.15090913    
       969    -11.15090913    
       970    -11.15090913    
       971    -11.15090913    
       972    -11.15090913    
       973    -11.15090913    
       974    -11.15090913    
       975    -11.15090913    
       976    -11.15090913    
       977    -11.15090913    
       978    -11.15090913    
       979    -11.15090913    
       980    -11.15090913    
       981    -11.15090913    
       982    -11.15090913    
       983    -11.15090913    
       984    -11.15090913    
       985    -11.15090913    
       986    -11.15090913    
       987    -11.15090913    
       988    -11.15090913    
       989    -11.15090913    
       990    -11.15090913    
       991    -11.15090913    
       992    -11.15090913    
       993    -11.15090913    
       994    -11.15090913    
       995    -11.15090913    
       996    -11.15090913    
       997    -11.15090913    
       998    -11.15090913    
       999    -11.15090913    
      1000    -11.15090913    
