         1      -10.6708164362
         2      -10.6892497404
         3      -10.6892497733
         4      -10.6892497717
         5      -10.4583505723
         6      -10.6911120207
         7      -10.6911119812
         8      -10.6911120195
         9      -10.6911120209
        10      -10.6911120107
        11      -10.6911119629
        12      -10.5967111163
        13      -10.6911117598
        14      -10.6911119139
        15      -10.6911119618
        16      -10.6064960870
        17      -10.6911120068
        18      -10.6911119705
        19      -10.6911120281
        20      -10.3248622946
        21      -10.6911120396
        22      -10.6911119118
        23      -10.6911120326
        24      -10.5967110311
        25      -10.6911119921
        26      -10.6911120226
        27      -10.6908713710
        28      -10.6911119848
        29      -10.6911118582
        30      -10.6911119625
        31      -10.6908716225
        32      -10.6911118803
        33      -10.6911119564
        34      -10.6911118517
        35      -10.6911120244
        36      -10.6421090775
        37      -10.6911119892
        38      -10.6911120199
        39      -10.6911119173
        40      -10.0829239439
        41      -10.6908716654
        42      -10.6028508511
        43      -10.6911119265
        44      -10.6911119971
        45      -10.6021656663
        46      -10.6911119155
        47      -10.6911119957
        48      -10.6911119101
        49      -10.5967110258
        50      -10.6911119603
        51      -10.6911119675
        52      -10.6911119403
        53      -10.6911119725
        54      -10.6911120302
        55      -10.6911118821
        56      -10.6911119489
        57      -10.6908716705
        58      -10.6911119127
        59      -10.5967110808
        60      -10.5502649988
        61      -10.4652777743
        62      -10.6911120362
        63      -10.6911119965
        64      -10.6911119489
        65      -10.6908716832
        66      -10.6911120232
        67      -10.6911120167
        68      -10.6421091315
        69      -10.6911119744
        70      -10.6911120062
        71      -10.6911120150
        72      -10.6911120180
        73      -10.6911119965
        74      -10.6911119036
        75      -10.6911120326
        76      -10.5967111105
        77      -10.6911120234
        78      -10.6064958579
        79      -10.6911120075
        80      -10.3521838609
        81      -10.6836114988
        82      -10.6911120249
        83      -10.6911118666
        84      -10.6911119161
        85      -10.6908716566
        86      -10.6911119713
        87      -10.6911120054
        88      -10.6911119608
        89      -10.6911119678
        90      -10.6911119180
        91      -10.6908716279
        92      -10.6911119412
        93      -10.6911119544
        94      -10.6911119563
        95      -10.6911120378
        96      -10.6911120165
        97      -10.6911120188
        98      -10.6911119773
        99      -10.6421091823
       100      -10.4254700272
       101      -10.6911120069
       102      -10.6911119765
       103      -10.6911120173
       104      -10.6911120363
       105      -10.6911120228
       106      -10.6911120217
       107      -10.6911119477
       108      -10.6911120067
       109      -10.6911120100
       110      -10.5967111003
       111      -10.6911119336
       112      -10.6911119488
       113      -10.6911118239
       114      -10.6911120362
       115      -10.6911120140
       116      -10.6911118938
       117      -10.6911119973
       118      -10.6911120150
       119      -10.6911119972
       120      -10.0618905657
       121      -10.6911120334
       122      -10.6911118970
       123      -10.6911119841
       124      -10.6908716374
       125      -10.6911119025
       126      -10.6021656862
       127      -10.6911120254
       128      -10.6911120215
       129      -10.6911120350
       130      -10.6911120279
       131      -10.6911119433
       132      -10.6021656860
       133      -10.6911120320
       134      -10.6911119945
       135      -10.6911119174
       136      -10.5111884579
       137      -10.6911120326
       138      -10.6021656589
       139      -10.6911119537
       140      -10.5580457402
       141      -10.6421091221
       142      -10.6911120139
       143      -10.6911119258
       144      -10.6908716010
       145      -10.6911118585
       146      -10.6911120116
       147      -10.6911119968
       148      -10.6911120181
       149      -10.6911118504
       150      -10.6911119518
       151      -10.6911120113
       152      -10.6911119872
       153      -10.6028509698
       154      -10.6911119634
       155      -10.6911119696
       156      -10.6911119810
       157      -10.6911120293
       158      -10.6911120309
       159      -10.6911119732
       160      -10.2384133314
       161      -10.6911119125
       162      -10.6911119384
       163      -10.6911119834
       164      -10.6911119963
       165      -10.6911120044
       166      -10.6911120389
       167      -10.6836111027
       168      -10.6064960479
       169      -10.6908716790
       170      -10.6911120035
       171      -10.6028509747
       172      -10.6911120089
       173      -10.6911120306
       174      -10.6911119531
       175      -10.6911119429
       176      -10.6911119668
       177      -10.6911119715
       178      -10.6911119964
       179      -10.6911119943
       180      -10.5502649771
       181      -10.6911120196
       182      -10.6911119625
       183      -10.6911119526
       184      -10.6911119631
       185      -10.6911119994
       186      -10.6908716869
       187      -10.6908716692
       188      -10.6911120316
       189      -10.6911119994
       190      -10.6908715876
       191      -10.6911119840
       192      -10.6068765473
       193      -10.6911119975
       194      -10.6911120377
       195      -10.6911120140
       196      -10.6911119876
       197      -10.6911120074
       198      -10.6911118867
       199      -10.6911119467
       200      -10.6208112519
       201      -10.6911120390
       202      -10.6021656867
       203      -10.6911119696
       204      -10.6911120079
       205      -10.6908715034
       206      -10.5967110406
       207      -10.6911119877
       208      -10.6911120059
       209      -10.6911119745
       210      -10.6911120192
       211      -10.6911119714
       212      -10.6908716771
       213      -10.6908715978
       214      -10.6911119811
       215      -10.6911120195
       216      -10.6064960151
       217      -10.6911119482
       218      -10.6908716214
       219      -10.6911120051
       220      -10.5502649914
       221      -10.5967110952
       222      -10.6028509686
       223      -10.6911120197
       224      -10.6911120173
       225      -10.6911119267
       226      -10.6911120231
       227      -10.2851912590
       228      -10.6911119489
       229      -10.6911120015
       230      -10.6911119784
       231      -10.6911120266
       232      -10.6911120125
       233      -10.6911120381
       234      -10.6911119442
       235      -10.5967110761
       236      -10.6911120140
       237      -10.6911119393
       238      -10.6911120010
       239      -10.6908716808
       240      -10.5810072098
       241      -10.6911120048
       242      -10.6908716467
       243      -10.6908716777
       244      -10.6911118571
       245      -10.6911119466
       246      -10.6911118926
       247      -10.6911120117
       248      -10.6911120009
       249      -10.6911120300
       250      -10.6908716927
       251      -10.6911119638
       252      -10.6911119946
       253      -10.6911119708
       254      -10.6911120245
       255      -10.6908714124
       256      -10.6911120229
       257      -10.6911119605
       258      -10.6911120315
       259      -10.6911119460
       260      -10.3521838722
       261      -10.6911119374
       262      -10.6911120136
       263      -10.6911119572
       264      -10.6911119127
       265      -10.6911120100
       266      -10.6911119987
       267      -10.6911119312
       268      -10.6911119205
       269      -10.6911119246
       270      -10.6911119516
       271      -10.6911120253
       272      -10.6911119846
       273      -10.6911120024
       274      -10.6911119598
       275      -10.6911120342
       276      -10.6911120282
       277      -10.6911120187
       278      -10.6064960461
       279      -10.6911120139
       280      -10.6911118829
       281      -10.6421092057
       282      -10.5967110475
       283      -10.6911119964
       284      -10.6911118967
       285      -10.6911120254
       286      -10.6028509501
       287      -10.6911120265
       288      -10.6634577803
       289      -10.6911119991
       290      -10.6911119841
       291      -10.6911119492
       292      -10.6911120214
       293      -10.5967111068
       294      -10.6911119530
       295      -10.6911120188
       296      -10.6911118932
       297      -10.6911119669
       298      -10.6911119997
       299      -10.5967110846
       300      -10.3521837454
       301      -10.6911120033
       302      -10.6908716913
       303      -10.6911118945
       304      -10.5967110830
       305      -10.6911120360
       306      -10.6064960252
       307      -10.6911120209
       308      -10.6421091814
       309      -10.6911120272
       310      -10.6911119387
       311      -10.6064960781
       312      -10.6911119279
       313      -10.6911118268
       314      -10.6028509620
       315      -10.6021656736
       316      -10.6911120041
       317      -10.6911119785
       318      -10.6911119052
       319      -10.6064960630
       320      -10.6911118549
       321      -10.5967111241
       322      -10.6911119790
       323      -10.6911120197
       324      -10.6911120281
       325      -10.6911120104
       326      -10.6911119165
       327      -10.6911119595
       328      -10.6911120233
       329      -10.6911118970
       330      -10.6911120204
       331      -10.6911120133
       332      -10.6911120313
       333      -10.6911119918
       334      -10.6064959321
       335      -10.6911119207
       336      -10.6911119589
       337      -10.6911120137
       338      -10.5967110363
       339      -10.6911119769
       340      -10.5569735046
       341      -10.6911120030
       342      -10.6911120285
       343      -10.6908715777
       344      -10.6911117942
       345      -10.6911120124
       346      -10.6911120011
       347      -10.6911120291
       348      -10.6911120210
       349      -10.6911119874
       350      -10.6908716193
       351      -10.6908716790
       352      -10.6911119697
       353      -10.6911119384
       354      -10.6911120047
       355      -10.6911120149
       356      -10.6908716845
       357      -10.6911120116
       358      -10.6911119750
       359      -10.6911118220
       360      -10.6068765439
       361      -10.6911120100
       362      -10.6911120307
       363      -10.6911120111
       364      -10.6911119900
       365      -10.6911120033
       366      -10.6911120040
       367      -10.6908716506
       368      -10.6911120260
       369      -10.6911119649
       370      -10.6911119238
       371      -10.6911119254
       372      -10.6911119570
       373      -10.6911119758
       374      -10.6911120251
       375      -10.6911119840
       376      -10.6911119843
       377      -10.6911119994
       378      -10.6908716357
       379      -10.6911120254
       380      -10.5967110761
       381      -10.6911120080
       382      -10.5967111021
       383      -10.6911119792
       384      -10.6911120300
       385      -10.6911120171
       386      -10.6911119942
       387      -10.6911120265
       388      -10.6911119171
       389      -10.6908716910
       390      -10.6908716263
       391      -10.6064960391
       392      -10.6911120141
       393      -10.6911119478
       394      -10.6911119403
       395      -10.6911119538
       396      -10.6911119909
       397      -10.6911120199
       398      -10.6911117561
       399      -10.6421091952
       400      -10.6911119320
       401      -10.6911119710
       402      -10.6021656918
       403      -10.6908716242
       404      -10.6021654680
       405      -10.6911120013
       406      -10.6911120332
       407      -10.6911120042
       408      -10.6911120072
       409      -10.6911119611
       410      -10.6911120224
       411      -10.6911119661
       412      -10.6911119917
       413      -10.6911119649
       414      -10.6911120031
       415      -10.6064960718
       416      -10.6911120069
       417      -10.6421091855
       418      -10.6911119318
       419      -10.6911119550
       420      -10.6634578068
       421      -10.6911117085
       422      -10.6911119333
       423      -10.6911118952
       424      -10.6911118818
       425      -10.6911119161
       426      -10.6911119274
       427      -10.6911120222
       428      -10.6911119053
       429      -10.6911120394
       430      -10.6911119188
       431      -10.6064960603
       432      -10.6908716511
       433      -10.6911120244
       434      -10.6911120013
       435      -10.6911120275
       436      -10.6911119376
       437      -10.6028508261
       438      -10.6911119818
       439      -10.6421092087
       440      -10.2384133021
       441      -10.6911120348
       442      -10.6911120208
       443      -10.6908716890
       444      -10.6911120147
       445      -10.6911120256
       446      -10.6908716017
       447      -10.6911120056
       448      -10.6911120275
       449      -10.6911119800
       450      -10.6911119482
       451      -10.6908715954
       452      -10.6911117385
       453      -10.6911120121
       454      -10.5967110494
       455      -10.6911120068
       456      -10.6911119842
       457      -10.6908716651
       458      -10.6911117474
       459      -10.6911120340
       460      -10.3340703634
       461      -10.6911119195
       462      -10.5967110156
       463      -10.6908716059
       464      -10.6911119981
       465      -10.6911119524
       466      -10.6911119971
       467      -10.6911120011
       468      -10.6911119823
       469      -10.6911119362
       470      -10.6908716554
       471      -10.6021655426
       472      -10.6911119483
       473      -10.6064960344
       474      -10.6911119903
       475      -10.6911118969
       476      -10.6908715606
       477      -10.6911119629
       478      -10.6021655256
       479      -10.6911119865
       480      -10.6745901526
       481      -10.6911119476
       482      -10.5967111164
       483      -10.6908715758
       484      -10.6911119550
       485      -10.6911119896
       486      -10.6908716280
       487      -10.6908716683
       488      -10.6911120171
       489      -10.6028509667
       490      -10.6911120089
       491      -10.6911119620
       492      -10.6911119545
       493      -10.6911120323
       494      -10.6911120015
       495      -10.6911119316
       496      -10.6911120138
       497      -10.6911120295
       498      -10.5942120725
       499      -10.6911120327
       500      -10.2384133200
       501      -10.6911120049
       502      -10.6911119087
       503      -10.6911120049
       504      -10.6911119804
       505      -10.6911119247
       506      -10.6911119664
       507      -10.6421091760
       508      -10.6908716193
       509      -10.6908716602
       510      -10.5967110299
       511      -10.6911120251
       512      -10.6911120147
       513      -10.6911120226
       514      -10.6911120239
       515      -10.6911119122
       516      -10.6911120113
       517      -10.6021655713
       518      -10.6911119151
       519      -10.6911119375
       520      -10.6892496625
       521      -10.6911120073
       522      -10.6911119368
       523      -10.6911119855
       524      -10.6911120299
       525      -10.6911117800
       526      -10.6911119814
       527      -10.6911119408
       528      -10.6911119655
       529      -10.6911120301
       530      -10.6911119558
       531      -10.6911120183
       532      -10.6911120301
       533      -10.6028508362
       534      -10.6911120098
       535      -10.6911119229
       536      -10.6028509738
       537      -10.6908715553
       538      -10.6911120225
       539      -10.6911119841
       540      -10.5805084305
       541      -10.6911119632
       542      -10.6911120326
       543      -10.6911118716
       544      -10.6911120059
       545      -10.6911119564
       546      -10.6911119712
       547      -10.6911117672
       548      -10.6911120152
       549      -10.6908716300
       550      -10.6911119690
       551      -10.6908716952
       552      -10.6911119845
       553      -10.6911120169
       554      -10.6911118755
       555      -10.6908716680
       556      -10.6911120087
       557      -10.5967111006
       558      -10.6911118921
       559      -10.6911119994
       560      -11.1509091253
       561      -10.5492387851
       562      -11.1509091170
       563      -11.1509090497
       564      -11.1475387404
       565      -10.7358470888
       566      -11.1475387188
       567      -11.1509091055
       568      -11.1509091169
       569      -11.1509090619
       570      -11.1509091207
       571      -10.5143007831
       572      -11.1509090334
       573      -11.1509090836
       574      -11.1509091213
       575      -11.1509091128
       576      -11.1509089999
       577      -11.1509090551
       578      -11.1509090750
       579      -11.1475386925
       580      -11.1509091263
       581      -10.5492387780
       582      -10.5988635120
       583      -11.1509091073
       584      -11.1509090448
       585      -11.1509091178
       586      -11.1509090858
       587      -11.1509091121
       588      -11.1509091247
       589      -11.1475387056
       590      -11.1509091204
       591      -11.1509091219
       592      -11.1509090900
       593      -11.1509091215
       594      -11.1509091220
       595      -11.1509090316
       596      -11.1509090758
       597      -11.1509090815
       598      -11.1509090716
       599      -11.1509090310
       600      -11.1509090162
       601      -11.1509091087
       602      -11.1509090738
       603      -11.1509091219
       604      -11.1475387418
       605      -11.1509090649
       606      -11.1475387162
       607      -11.1509091084
       608      -11.1509091187
       609      -11.1509091178
       610      -11.1509090490
       611      -11.1509091128
       612      -11.1509091042
       613      -10.5113470782
       614      -11.1509091121
       615      -11.1509090706
       616      -11.1509091025
       617      -11.1509091247
       618      -11.1509090972
       619      -11.1509090984
       620      -10.7194860957
       621      -11.1509091008
       622      -11.1509090717
       623      -11.1509090886
       624      -11.1509091043
       625      -11.1509090520
       626      -11.1509090708
       627      -11.1475387091
       628      -10.5113470231
       629      -11.1509091249
       630      -11.1509091225
       631      -11.1509091073
       632      -11.1509090994
       633      -11.1509090480
       634      -11.1509090989
       635      -11.1509090987
       636      -11.1509090645
       637      -11.1509090990
       638      -11.1509090909
       639      -11.1509091228
       640      -11.1475385646
       641      -11.1509090833
       642      -11.1509090858
       643      -11.1509091011
       644      -11.1509089741
       645      -11.1509090177
       646      -11.1509091153
       647      -11.1509091287
       648      -11.1509091107
       649      -11.1509091163
       650      -11.1509090965
       651      -11.1509090416
       652      -11.1509090944
       653      -10.7862881067
       654      -11.1509090920
       655      -11.1475387244
       656      -11.1509090680
       657      -11.1509091229
       658      -11.1475385796
       659      -11.1509090384
       660      -11.1509090741
       661      -11.1509090652
       662      -11.1509091308
       663      -11.1509091220
       664      -11.1509091117
       665      -11.1509091146
       666      -11.1509091139
       667      -11.1509090857
       668      -10.5352320942
       669      -11.1509090768
       670      -11.1509091035
       671      -11.1475387287
       672      -11.1475386870
       673      -11.1509091200
       674      -11.1509090821
       675      -11.1509089574
       676      -11.1509090373
       677      -11.1475387411
       678      -11.1509091292
       679      -11.1509090655
       680      -10.5952983049
       681      -11.1509090810
       682      -11.1509091078
       683      -10.5113470900
       684      -11.1509091246
       685      -11.1509091300
       686      -11.1509090968
       687      -11.1509089922
       688      -11.1509090268
       689      -11.1509091167
       690      -11.1509090796
       691      -11.1509091257
       692      -11.1509090909
       693      -11.1509091186
       694      -11.1509090898
       695      -11.1509090813
       696      -11.1475386642
       697      -11.1509082589
       698      -11.1509091239
       699      -11.1475386905
       700      -11.1509091216
       701      -11.1509090998
       702      -11.1509091001
       703      -11.1509090964
       704      -11.1509090841
       705      -11.1509090147
       706      -11.1509090671
       707      -10.7194861653
       708      -11.1475387355
       709      -11.1509091118
       710      -11.1509090807
       711      -10.5113470738
       712      -11.1475386170
       713      -11.1509090951
       714      -11.1509090842
       715      -11.1509091333
       716      -11.1509090320
       717      -11.1509090779
       718      -11.1509090999
       719      -11.1475387284
       720      -11.1509090994
       721      -11.0530057896
       722      -11.1475387471
       723      -11.1509091076
       724      -11.1509091104
       725      -11.1509091166
       726      -11.1509090936
       727      -11.1475387420
       728      -11.1509090218
       729      -11.1509090933
       730      -11.1509091180
       731      -11.1509091183
       732      -11.1509091294
       733      -11.1509091252
       734      -11.1509090781
       735      -11.1509091245
       736      -11.1509090913
       737      -11.1509089121
       738      -11.1509088830
       739      -10.7862881590
       740      -10.6173080397
       741      -11.1475387104
       742      -11.1475386505
       743      -11.1509090727
       744      -11.1509090991
       745      -11.1509091277
       746      -11.1475386443
       747      -11.1475387321
       748      -11.1509091298
       749      -11.1509091087
       750      -11.1509091182
       751      -11.1509091179
       752      -11.1509090942
       753      -11.1509090178
       754      -11.1509091177
       755      -11.1509090880
       756      -10.7194860042
       757      -11.1509090436
       758      -11.1509090781
       759      -11.1509091245
       760      -11.1509091058
       761      -11.1509091039
       762      -11.1509090827
       763      -11.1509090708
       764      -11.1509090956
       765      -11.1509091289
       766      -11.1509091184
       767      -11.1509091295
       768      -11.1509090541
       769      -11.1509089517
       770      -11.1509090655
       771      -11.1509090889
       772      -11.1509090886
       773      -11.1509091140
       774      -10.5719178923
       775      -11.1509091059
       776      -11.1509090799
       777      -11.1509090461
       778      -11.1509090269
       779      -11.1509091175
       780      -10.6175528011
       781      -11.1509091197
       782      -11.1509091006
       783      -11.1509091014
       784      -11.1509090979
       785      -11.1509090886
       786      -10.5492388188
       787      -11.1509091077
       788      -11.1509091216
       789      -11.1509090953
       790      -11.1509090825
       791      -11.1475386774
       792      -11.1509091078
       793      -11.1509090865
       794      -11.1509090675
       795      -11.1509091183
       796      -11.1509091261
       797      -11.1475386981
       798      -11.1475386428
       799      -11.1475387412
       800      -10.3483979593
       801      -11.0530056577
       802      -11.1509091099
       803      -11.1509090978
       804      -11.1509090777
       805      -11.1509090994
       806      -10.6505698568
       807      -10.7194861463
       808      -11.1509091070
       809      -11.1509090780
       810      -11.1509090587
       811      -10.7084904536
       812      -11.1509091316
       813      -11.1509091154
       814      -11.1475387258
       815      -11.1509091270
       816      -11.1509090476
       817      -11.1509090972
       818      -11.1509087582
       819      -11.1475387293
       820      -11.1509091085
       821      -11.1509090644
       822      -11.1475387394
       823      -11.1509090916
       824      -10.7194861757
       825      -11.1509091269
       826      -11.1509090737
       827      -11.1509091128
       828      -11.1475386474
       829      -11.1509091122
       830      -11.1509091333
       831      -11.1509091112
       832      -10.7336115592
       833      -10.7113399202
       834      -11.1509091163
       835      -11.1509091037
       836      -11.1509091178
       837      -11.1509091139
       838      -11.1509091325
       839      -11.1509090936
       840      -11.1509090755
       841      -10.7194861435
       842      -11.1509090502
       843      -11.1509090327
       844      -11.1509091131
       845      -11.1509091172
       846      -10.7084904573
       847      -11.1509091127
       848      -11.1509089808
       849      -11.1475387277
       850      -11.1509090782
       851      -11.1509091069
       852      -11.1509090600
       853      -11.1475387105
       854      -11.1509091222
       855      -11.1509091240
       856      -11.1509091232
       857      -11.1475387096
       858      -11.1509090796
       859      -11.1509091249
       860      -11.1509091166
       861      -10.4015621165
       862      -11.1509090591
       863      -11.0530056696
       864      -11.1509091261
       865      -11.1509089958
       866      -11.1509090043
       867      -11.1509091204
       868      -11.1509090877
       869      -11.1509091164
       870      -11.1509091162
       871      -11.1509091246
       872      -11.1509091298
       873      -11.1509091034
       874      -11.1509091247
       875      -11.1509091109
       876      -11.1509091081
       877      -11.1509091231
       878      -11.1509090860
       879      -11.1509083749
       880      -11.1509091152
       881      -11.1509090847
       882      -11.1509090980
       883      -11.1509090026
       884      -11.1509090972
       885      -11.1509091310
       886      -11.1509090529
       887      -11.1509091249
       888      -11.1509091152
       889      -11.1509090838
       890      -11.1509089583
       891      -11.1509090752
       892      -11.1509090444
       893      -11.1509090590
       894      -11.1509090615
       895      -10.7358469663
       896      -11.1475387205
       897      -11.1509090708
       898      -11.1509090990
       899      -11.1509089417
       900      -11.1475387262
       901      -11.1509091257
       902      -11.1509091289
       903      -11.1509091003
       904      -11.1475386914
       905      -11.1509091078
       906      -11.1509090418
       907      -11.1509090920
       908      -11.1509091215
       909      -11.1509090801
       910      -11.1509091057
       911      -11.1509090906
       912      -11.0530057912
       913      -11.1509091036
       914      -10.5822782232
       915      -11.1509091007
       916      -11.1509091220
       917      -11.1509091091
       918      -10.6982255224
       919      -10.6768215247
       920      -11.1475387198
       921      -11.1475387394
       922      -11.1509090975
       923      -11.1509091268
       924      -11.1475386901
       925      -11.1509091092
       926      -11.1509090745
       927      -11.1509091204
       928      -11.1509090829
       929      -11.1509090625
       930      -11.1475386620
       931      -11.1509090979
       932      -11.1475386247
       933      -11.1509091202
       934      -11.1509090837
       935      -11.1509091186
       936      -11.1509088890
       937      -11.1509091130
       938      -11.1475387228
       939      -11.1509090851
       940      -10.4605201480
       941      -11.1509091130
       942      -11.1509090358
       943      -11.1509090960
       944      -11.1475387157
       945      -11.1509091020
       946      -11.1475387165
       947      -11.1509090475
       948      -11.1509090984
       949      -11.1509090569
       950      -11.1475387118
       951      -11.1509091225
       952      -11.1509091268
       953      -11.1509091314
       954      -11.1509091196
       955      -11.1509091269
       956      -11.1509091154
       957      -11.1509090720
       958      -11.1509091206
       959      -11.1509091254
       960      -11.1509091348
       961      -10.5492387258
       962      -11.1509091113
       963      -11.1509091057
       964      -11.1509090625
       965      -11.1509091244
       966      -11.1475387286
       967      -11.1509091191
       968      -11.1509090580
       969      -11.1509091028
       970      -11.1509091156
       971      -11.1509091200
       972      -11.1509090834
       973      -11.1509091073
       974      -11.1509090428
       975      -11.1509090658
       976      -11.1475387169
       977      -11.1509091100
       978      -11.1509091072
       979      -10.5492387649
       980      -10.5952983179
       981      -11.1509091323
       982      -11.1475386724
       983      -11.1509091023
       984      -11.1509090189
       985      -11.1509091096
       986      -11.1509090780
       987      -11.1509091305
       988      -10.7068983680
       989      -11.1509091179
       990      -11.1509090491
       991      -11.1509090541
       992      -11.1509091216
       993      -11.1509091059
       994      -11.1509090750
       995      -11.1509090465
       996      -10.5822783300
       997      -11.1509090442
       998      -11.1509090852
       999      -11.1509089264
      1000      -10.7194861783
