         1    -10.68924984    
         2    -10.68924984    
         3    -10.68924984    
         4    -10.68924977    
         5    -10.68924977    
         6    -10.68924977    
         7    -10.69111202    
         8    -10.69111198    
         9    -10.69111202    
        10    -10.69111202    
        11    -10.69111201    
        12    -10.69111196    
        13    -10.69111196    
        14    -10.69111176    
        15    -10.69111191    
        16    -10.69111196    
        17    -10.69111196    
        18    -10.69111201    
        19    -10.69111197    
        20    -10.69111203    
        21    -10.69111203    
        22    -10.69111204    
        23    -10.69111191    
        24    -10.69111203    
        25    -10.69111203    
        26    -10.69111199    
        27    -10.69111202    
        28    -10.69111202    
        29    -10.69111198    
        30    -10.69111186    
        31    -10.69111196    
        32    -10.69111196    
        33    -10.69111188    
        34    -10.69111196    
        35    -10.69111185    
        36    -10.69111202    
        37    -10.69111202    
        38    -10.69111199    
        39    -10.69111202    
        40    -10.69111192    
        41    -10.69111192    
        42    -10.69111192    
        43    -10.69111192    
        44    -10.69111193    
        45    -10.69111200    
        46    -10.69111200    
        47    -10.69111200    
        48    -10.69111200    
        49    -10.69111191    
        50    -10.69111191    
        51    -10.69111196    
        52    -10.69111197    
        53    -10.69111194    
        54    -10.69111197    
        55    -10.69111203    
        56    -10.69111188    
        57    -10.69111195    
        58    -10.69111195    
        59    -10.69111191    
        60    -10.69111191    
        61    -10.69111191    
        62    -10.69111191    
        63    -10.69111204    
        64    -10.69111200    
        65    -10.69111195    
        66    -10.69111195    
        67    -10.69111202    
        68    -10.69111202    
        69    -10.69111202    
        70    -10.69111197    
        71    -10.69111201    
        72    -10.69111201    
        73    -10.69111202    
        74    -10.69111200    
        75    -10.69111190    
        76    -10.69111203    
        77    -10.69111203    
        78    -10.69111202    
        79    -10.69111202    
        80    -10.69111201    
        81    -10.69111201    
        82    -10.69111201    
        83    -10.69111202    
        84    -10.69111202    
        85    -10.69111192    
        86    -10.69111192    
        87    -10.69111197    
        88    -10.69111201    
        89    -10.69111196    
        90    -10.69111197    
        91    -10.69111192    
        92    -10.69111192    
        93    -10.69111194    
        94    -10.69111195    
        95    -10.69111196    
        96    -10.69111204    
        97    -10.69111202    
        98    -10.69111202    
        99    -10.69111198    
       100    -10.69111198    
       101    -10.69111198    
       102    -10.69111201    
       103    -10.69111198    
       104    -10.69111202    
       105    -10.69111204    
       106    -10.69111202    
       107    -10.69111202    
       108    -10.69111195    
       109    -10.69111201    
       110    -10.69111201    
       111    -10.69111201    
       112    -10.69111193    
       113    -10.69111195    
       114    -10.69111182    
       115    -10.69111204    
       116    -10.69111201    
       117    -10.69111189    
       118    -10.69111200    
       119    -10.69111202    
       120    -10.69111200    
       121    -10.69111200    
       122    -10.69111203    
       123    -10.69111190    
       124    -10.69111198    
       125    -10.69111198    
       126    -10.69111190    
       127    -10.69111190    
       128    -10.69111203    
       129    -10.69111202    
       130    -10.69111203    
       131    -10.69111203    
       132    -10.69111194    
       133    -10.69111194    
       134    -10.69111203    
       135    -10.69111199    
       136    -10.69111192    
       137    -10.69111192    
       138    -10.69111203    
       139    -10.69111203    
       140    -10.69111195    
       141    -10.69111195    
       142    -10.69111195    
       143    -10.69111201    
       144    -10.69111193    
       145    -10.69111193    
       146    -10.69111186    
       147    -10.69111201    
       148    -10.69111200    
       149    -10.69111202    
       150    -10.69111202    
       151    -10.69111195    
       152    -10.69111201    
       153    -10.69111199    
       154    -10.69111199    
       155    -10.69111196    
       156    -10.69111197    
       157    -10.69111198    
       158    -10.69111203    
       159    -10.69111203    
       160    -10.69111197    
       161    -10.69111197    
       162    -10.69111191    
       163    -10.69111194    
       164    -10.69111198    
       165    -10.69111200    
       166    -10.69111200    
       167    -10.69111204    
       168    -10.69111204    
       169    -10.69111204    
       170    -10.69111204    
       171    -10.69111200    
       172    -10.69111200    
       173    -10.69111201    
       174    -10.69111203    
       175    -10.69111195    
       176    -10.69111194    
       177    -10.69111197    
       178    -10.69111197    
       179    -10.69111200    
       180    -10.69111199    
       181    -10.69111199    
       182    -10.69111202    
       183    -10.69111196    
       184    -10.69111195    
       185    -10.69111196    
       186    -10.69111200    
       187    -10.69111200    
       188    -10.69111200    
       189    -10.69111203    
       190    -10.69111200    
       191    -10.69111200    
       192    -10.69111198    
       193    -10.69111198    
       194    -10.69111200    
       195    -10.69111204    
       196    -10.69111201    
       197    -10.69111199    
       198    -10.69111201    
       199    -10.69111189    
       200    -10.69111195    
       201    -10.69111195    
       202    -10.69111204    
       203    -10.69111204    
       204    -10.69111197    
       205    -10.69111201    
       206    -10.69111201    
       207    -10.69111201    
       208    -10.69111199    
       209    -10.69111201    
       210    -10.69111197    
       211    -10.69111202    
       212    -10.69111197    
       213    -10.69111197    
       214    -10.69111197    
       215    -10.69111198    
       216    -10.69111202    
       217    -10.69111202    
       218    -10.69111195    
       219    -10.69111195    
       220    -10.69111201    
       221    -10.69111201    
       222    -10.69111201    
       223    -10.69111201    
       224    -10.69111202    
       225    -10.69111202    
       226    -10.69111193    
       227    -10.69111202    
       228    -10.69111202    
       229    -10.69111195    
       230    -10.69111200    
       231    -10.69111198    
       232    -10.69111203    
       233    -10.69111201    
       234    -10.69111204    
       235    -10.69111194    
       236    -10.69111194    
       237    -10.69111201    
       238    -10.69111194    
       239    -10.69111200    
       240    -10.69111200    
       241    -10.69111200    
       242    -10.69111200    
       243    -10.69111200    
       244    -10.69111200    
       245    -10.69111186    
       246    -10.69111195    
       247    -10.69111189    
       248    -10.69111201    
       249    -10.69111200    
       250    -10.69111203    
       251    -10.69111203    
       252    -10.69111196    
       253    -10.69111199    
       254    -10.69111197    
       255    -10.69111202    
       256    -10.69111202    
       257    -10.69111202    
       258    -10.69111196    
       259    -10.69111203    
       260    -10.69111195    
       261    -10.69111195    
       262    -10.69111194    
       263    -10.69111201    
       264    -10.69111196    
       265    -10.69111191    
       266    -10.69111201    
       267    -10.69111200    
       268    -10.69111193    
       269    -10.69111192    
       270    -10.69111192    
       271    -10.69111195    
       272    -10.69111203    
       273    -10.69111198    
       274    -10.69111200    
       275    -10.69111196    
       276    -10.69111203    
       277    -10.69111203    
       278    -10.69111202    
       279    -10.69111202    
       280    -10.69111201    
       281    -10.69111188    
       282    -10.69111188    
       283    -10.69111188    
       284    -10.69111200    
       285    -10.69111190    
       286    -10.69111203    
       287    -10.69111203    
       288    -10.69111203    
       289    -10.69111203    
       290    -10.69111200    
       291    -10.69111198    
       292    -10.69111195    
       293    -10.69111202    
       294    -10.69111202    
       295    -10.69111195    
       296    -10.69111202    
       297    -10.69111189    
       298    -10.69111197    
       299    -10.69111200    
       300    -10.69111200    
       301    -10.69111200    
       302    -10.69111200    
       303    -10.69111200    
       304    -10.69111189    
       305    -10.69111189    
       306    -10.69111204    
       307    -10.69111204    
       308    -10.69111202    
       309    -10.69111202    
       310    -10.69111203    
       311    -10.69111194    
       312    -10.69111194    
       313    -10.69111193    
       314    -10.69111183    
       315    -10.69111183    
       316    -10.69111183    
       317    -10.69111200    
       318    -10.69111198    
       319    -10.69111191    
       320    -10.69111191    
       321    -10.69111185    
       322    -10.69111185    
       323    -10.69111198    
       324    -10.69111202    
       325    -10.69111203    
       326    -10.69111201    
       327    -10.69111192    
       328    -10.69111196    
       329    -10.69111202    
       330    -10.69111190    
       331    -10.69111202    
       332    -10.69111201    
       333    -10.69111203    
       334    -10.69111199    
       335    -10.69111199    
       336    -10.69111192    
       337    -10.69111196    
       338    -10.69111201    
       339    -10.69111201    
       340    -10.69111198    
       341    -10.69111198    
       342    -10.69111200    
       343    -10.69111203    
       344    -10.69111203    
       345    -10.69111179    
       346    -10.69111201    
       347    -10.69111200    
       348    -10.69111203    
       349    -10.69111202    
       350    -10.69111199    
       351    -10.69111199    
       352    -10.69111199    
       353    -10.69111197    
       354    -10.69111194    
       355    -10.69111200    
       356    -10.69111201    
       357    -10.69111201    
       358    -10.69111201    
       359    -10.69111198    
       360    -10.69111182    
       361    -10.69111182    
       362    -10.69111201    
       363    -10.69111203    
       364    -10.69111201    
       365    -10.69111199    
       366    -10.69111200    
       367    -10.69111200    
       368    -10.69111200    
       369    -10.69111203    
       370    -10.69111203    
       371    -10.69111203    
       372    -10.69111193    
       373    -10.69111196    
       374    -10.69111198    
       375    -10.69111203    
       376    -10.69111198    
       377    -10.69111198    
       378    -10.69111200    
       379    -10.69111200    
       380    -10.69111203    
       381    -10.69111203    
       382    -10.69111201    
       383    -10.69111201    
       384    -10.69111198    
       385    -10.69111203    
       386    -10.69111202    
       387    -10.69111199    
       388    -10.69111203    
       389    -10.69111192    
       390    -10.69111192    
       391    -10.69111192    
       392    -10.69111192    
       393    -10.69111201    
       394    -10.69111195    
       395    -10.69111194    
       396    -10.69111195    
       397    -10.69111199    
       398    -10.69111202    
       399    -10.69111202    
       400    -10.69111202    
       401    -10.69111193    
       402    -10.69111197    
       403    -10.69111197    
       404    -10.69111197    
       405    -10.69111197    
       406    -10.69111200    
       407    -10.69111203    
       408    -10.69111200    
       409    -10.69111201    
       410    -10.69111196    
       411    -10.69111202    
       412    -10.69111197    
       413    -10.69111199    
       414    -10.69111196    
       415    -10.69111200    
       416    -10.69111200    
       417    -10.69111201    
       418    -10.69111201    
       419    -10.69111193    
       420    -10.69111196    
       421    -10.69111196    
       422    -10.69111196    
       423    -10.69111193    
       424    -10.69111190    
       425    -10.69111188    
       426    -10.69111192    
       427    -10.69111193    
       428    -10.69111202    
       429    -10.69111202    
       430    -10.69111204    
       431    -10.69111204    
       432    -10.69111204    
       433    -10.69111204    
       434    -10.69111202    
       435    -10.69111200    
       436    -10.69111203    
       437    -10.69111194    
       438    -10.69111194    
       439    -10.69111198    
       440    -10.69111198    
       441    -10.69111198    
       442    -10.69111203    
       443    -10.69111202    
       444    -10.69111202    
       445    -10.69111201    
       446    -10.69111203    
       447    -10.69111203    
       448    -10.69111201    
       449    -10.69111203    
       450    -10.69111198    
       451    -10.69111195    
       452    -10.69111195    
       453    -10.69111174    
       454    -10.69111201    
       455    -10.69111201    
       456    -10.69111201    
       457    -10.69111198    
       458    -10.69111198    
       459    -10.69111175    
       460    -10.69111203    
       461    -10.69111203    
       462    -10.69111192    
       463    -10.69111192    
       464    -10.69111192    
       465    -10.69111200    
       466    -10.69111195    
       467    -10.69111200    
       468    -10.69111200    
       469    -10.69111198    
       470    -10.69111194    
       471    -10.69111194    
       472    -10.69111194    
       473    -10.69111195    
       474    -10.69111195    
       475    -10.69111199    
       476    -10.69111190    
       477    -10.69111190    
       478    -10.69111196    
       479    -10.69111196    
       480    -10.69111199    
       481    -10.69111199    
       482    -10.69111195    
       483    -10.69111195    
       484    -10.69111195    
       485    -10.69111195    
       486    -10.69111199    
       487    -10.69111199    
       488    -10.69111199    
       489    -10.69111202    
       490    -10.69111202    
       491    -10.69111201    
       492    -10.69111196    
       493    -10.69111195    
       494    -10.69111203    
       495    -10.69111200    
       496    -10.69111193    
       497    -10.69111201    
       498    -10.69111203    
       499    -10.69111203    
       500    -10.69111203    
       501    -10.69111203    
       502    -10.69111200    
       503    -10.69111191    
       504    -10.69111200    
       505    -10.69111198    
       506    -10.69111192    
       507    -10.69111197    
       508    -10.69111197    
       509    -10.69111197    
       510    -10.69111197    
       511    -10.69111197    
       512    -10.69111203    
       513    -10.69111201    
       514    -10.69111202    
       515    -10.69111202    
       516    -10.69111191    
       517    -10.69111201    
       518    -10.69111201    
       519    -10.69111192    
       520    -10.69111194    
       521    -10.69111194    
       522    -10.69111201    
       523    -10.69111194    
       524    -10.69111199    
       525    -10.69111203    
       526    -10.69111178    
       527    -10.69111198    
       528    -10.69111194    
       529    -10.69111197    
       530    -10.69111203    
       531    -10.69111196    
       532    -10.69111202    
       533    -10.69111203    
       534    -10.69111203    
       535    -10.69111201    
       536    -10.69111192    
       537    -10.69111192    
       538    -10.69111192    
       539    -10.69111202    
       540    -10.69111198    
       541    -10.69111198    
       542    -10.69111196    
       543    -10.69111203    
       544    -10.69111187    
       545    -10.69111201    
       546    -10.69111196    
       547    -10.69111197    
       548    -10.69111177    
       549    -10.69111202    
       550    -10.69111202    
       551    -10.69111197    
       552    -10.69111197    
       553    -10.69111198    
       554    -10.69111202    
       555    -10.69111188    
       556    -10.69111188    
       557    -10.69111201    
       558    -10.69111201    
       559    -10.69111189    
       560    -10.69111200    
       561    -11.15090913    
       562    -11.15090913    
       563    -11.15090912    
       564    -11.15090905    
       565    -11.15090905    
       566    -11.15090905    
       567    -11.15090905    
       568    -11.15090911    
       569    -11.15090912    
       570    -11.15090906    
       571    -11.15090912    
       572    -11.15090912    
       573    -11.15090903    
       574    -11.15090908    
       575    -11.15090912    
       576    -11.15090911    
       577    -11.15090900    
       578    -11.15090906    
       579    -11.15090907    
       580    -11.15090907    
       581    -11.15090913    
       582    -11.15090913    
       583    -11.15090913    
       584    -11.15090911    
       585    -11.15090904    
       586    -11.15090912    
       587    -11.15090909    
       588    -11.15090911    
       589    -11.15090912    
       590    -11.15090912    
       591    -11.15090912    
       592    -11.15090912    
       593    -11.15090909    
       594    -11.15090912    
       595    -11.15090912    
       596    -11.15090912    
       597    -11.15090908    
       598    -11.15090908    
       599    -11.15090907    
       600    -11.15090903    
       601    -11.15090902    
       602    -11.15090911    
       603    -11.15090907    
       604    -11.15090912    
       605    -11.15090912    
       606    -11.15090906    
       607    -11.15090906    
       608    -11.15090911    
       609    -11.15090912    
       610    -11.15090912    
       611    -11.15090905    
       612    -11.15090911    
       613    -11.15090910    
       614    -11.15090910    
       615    -11.15090911    
       616    -11.15090907    
       617    -11.15090910    
       618    -11.15090912    
       619    -11.15090910    
       620    -11.15090910    
       621    -11.15090910    
       622    -11.15090910    
       623    -11.15090907    
       624    -11.15090909    
       625    -11.15090910    
       626    -11.15090905    
       627    -11.15090907    
       628    -11.15090907    
       629    -11.15090907    
       630    -11.15090912    
       631    -11.15090912    
       632    -11.15090911    
       633    -11.15090910    
       634    -11.15090905    
       635    -11.15090910    
       636    -11.15090910    
       637    -11.15090906    
       638    -11.15090910    
       639    -11.15090909    
       640    -11.15090912    
       641    -11.15090912    
       642    -11.15090908    
       643    -11.15090909    
       644    -11.15090910    
       645    -11.15090897    
       646    -11.15090902    
       647    -11.15090912    
       648    -11.15090913    
       649    -11.15090911    
       650    -11.15090912    
       651    -11.15090910    
       652    -11.15090904    
       653    -11.15090909    
       654    -11.15090909    
       655    -11.15090909    
       656    -11.15090909    
       657    -11.15090907    
       658    -11.15090912    
       659    -11.15090912    
       660    -11.15090912    
       661    -11.15090912    
       662    -11.15090912    
       663    -11.15090913    
       664    -11.15090912    
       665    -11.15090911    
       666    -11.15090911    
       667    -11.15090911    
       668    -11.15090909    
       669    -11.15090909    
       670    -11.15090908    
       671    -11.15090910    
       672    -11.15090910    
       673    -11.15090910    
       674    -11.15090912    
       675    -11.15090908    
       676    -11.15090896    
       677    -11.15090904    
       678    -11.15090904    
       679    -11.15090913    
       680    -11.15090907    
       681    -11.15090907    
       682    -11.15090908    
       683    -11.15090911    
       684    -11.15090911    
       685    -11.15090912    
       686    -11.15090913    
       687    -11.15090910    
       688    -11.15090899    
       689    -11.15090903    
       690    -11.15090912    
       691    -11.15090908    
       692    -11.15090913    
       693    -11.15090909    
       694    -11.15090912    
       695    -11.15090909    
       696    -11.15090908    
       697    -11.15090908    
       698    -11.15090826    
       699    -11.15090912    
       700    -11.15090912    
       701    -11.15090912    
       702    -11.15090910    
       703    -11.15090910    
       704    -11.15090910    
       705    -11.15090908    
       706    -11.15090908    
       707    -11.15090907    
       708    -11.15090907    
       709    -11.15090907    
       710    -11.15090911    
       711    -11.15090908    
       712    -11.15090908    
       713    -11.15090908    
       714    -11.15090910    
       715    -11.15090908    
       716    -11.15090913    
       717    -11.15090913    
       718    -11.15090908    
       719    -11.15090910    
       720    -11.15090910    
       721    -11.15090910    
       722    -11.15090910    
       723    -11.15090910    
       724    -11.15090911    
       725    -11.15090911    
       726    -11.15090912    
       727    -11.15090909    
       728    -11.15090909    
       729    -11.15090902    
       730    -11.15090909    
       731    -11.15090912    
       732    -11.15090912    
       733    -11.15090913    
       734    -11.15090913    
       735    -11.15090908    
       736    -11.15090912    
       737    -11.15090909    
       738    -11.15090891    
       739    -11.15090888    
       740    -11.15090888    
       741    -11.15090888    
       742    -11.15090888    
       743    -11.15090888    
       744    -11.15090907    
       745    -11.15090910    
       746    -11.15090913    
       747    -11.15090913    
       748    -11.15090913    
       749    -11.15090913    
       750    -11.15090911    
       751    -11.15090912    
       752    -11.15090912    
       753    -11.15090909    
       754    -11.15090909    
       755    -11.15090912    
       756    -11.15090909    
       757    -11.15090909    
       758    -11.15090904    
       759    -11.15090908    
       760    -11.15090912    
       761    -11.15090911    
       762    -11.15090910    
       763    -11.15090908    
       764    -11.15090907    
       765    -11.15090910    
       766    -11.15090913    
       767    -11.15090912    
       768    -11.15090913    
       769    -11.15090905    
       770    -11.15090895    
       771    -11.15090907    
       772    -11.15090909    
       773    -11.15090909    
       774    -11.15090911    
       775    -11.15090911    
       776    -11.15090911    
       777    -11.15090908    
       778    -11.15090905    
       779    -11.15090903    
       780    -11.15090912    
       781    -11.15090912    
       782    -11.15090912    
       783    -11.15090910    
       784    -11.15090910    
       785    -11.15090910    
       786    -11.15090909    
       787    -11.15090909    
       788    -11.15090911    
       789    -11.15090912    
       790    -11.15090910    
       791    -11.15090908    
       792    -11.15090908    
       793    -11.15090911    
       794    -11.15090909    
       795    -11.15090907    
       796    -11.15090912    
       797    -11.15090913    
       798    -11.15090913    
       799    -11.15090913    
       800    -11.15090913    
       801    -11.15090913    
       802    -11.15090913    
       803    -11.15090911    
       804    -11.15090910    
       805    -11.15090908    
       806    -11.15090910    
       807    -11.15090910    
       808    -11.15090910    
       809    -11.15090911    
       810    -11.15090908    
       811    -11.15090906    
       812    -11.15090906    
       813    -11.15090913    
       814    -11.15090912    
       815    -11.15090912    
       816    -11.15090913    
       817    -11.15090905    
       818    -11.15090910    
       819    -11.15090876    
       820    -11.15090876    
       821    -11.15090911    
       822    -11.15090906    
       823    -11.15090906    
       824    -11.15090909    
       825    -11.15090909    
       826    -11.15090913    
       827    -11.15090907    
       828    -11.15090911    
       829    -11.15090911    
       830    -11.15090911    
       831    -11.15090913    
       832    -11.15090911    
       833    -11.15090911    
       834    -11.15090911    
       835    -11.15090912    
       836    -11.15090910    
       837    -11.15090912    
       838    -11.15090911    
       839    -11.15090913    
       840    -11.15090909    
       841    -11.15090908    
       842    -11.15090908    
       843    -11.15090905    
       844    -11.15090903    
       845    -11.15090911    
       846    -11.15090912    
       847    -11.15090912    
       848    -11.15090911    
       849    -11.15090898    
       850    -11.15090898    
       851    -11.15090908    
       852    -11.15090911    
       853    -11.15090906    
       854    -11.15090906    
       855    -11.15090912    
       856    -11.15090912    
       857    -11.15090912    
       858    -11.15090912    
       859    -11.15090908    
       860    -11.15090912    
       861    -11.15090912    
       862    -11.15090912    
       863    -11.15090906    
       864    -11.15090906    
       865    -11.15090913    
       866    -11.15090900    
       867    -11.15090900    
       868    -11.15090912    
       869    -11.15090909    
       870    -11.15090912    
       871    -11.15090912    
       872    -11.15090912    
       873    -11.15090913    
       874    -11.15090910    
       875    -11.15090912    
       876    -11.15090911    
       877    -11.15090911    
       878    -11.15090912    
       879    -11.15090909    
       880    -11.15090909    
       881    -11.15090912    
       882    -11.15090908    
       883    -11.15090910    
       884    -11.15090900    
       885    -11.15090910    
       886    -11.15090913    
       887    -11.15090905    
       888    -11.15090912    
       889    -11.15090912    
       890    -11.15090908    
       891    -11.15090896    
       892    -11.15090908    
       893    -11.15090904    
       894    -11.15090906    
       895    -11.15090906    
       896    -11.15090906    
       897    -11.15090906    
       898    -11.15090907    
       899    -11.15090910    
       900    -11.15090894    
       901    -11.15090894    
       902    -11.15090913    
       903    -11.15090913    
       904    -11.15090910    
       905    -11.15090910    
       906    -11.15090911    
       907    -11.15090904    
       908    -11.15090909    
       909    -11.15090912    
       910    -11.15090912    
       911    -11.15090911    
       912    -11.15090909    
       913    -11.15090909    
       914    -11.15090910    
       915    -11.15090910    
       916    -11.15090910    
       917    -11.15090912    
       918    -11.15090911    
       919    -11.15090911    
       920    -11.15090911    
       921    -11.15090911    
       922    -11.15090911    
       923    -11.15090910    
       924    -11.15090913    
       925    -11.15090913    
       926    -11.15090911    
       927    -11.15090907    
       928    -11.15090912    
       929    -11.15090908    
       930    -11.15090906    
       931    -11.15090906    
       932    -11.15090910    
       933    -11.15090910    
       934    -11.15090912    
       935    -11.15090908    
       936    -11.15090912    
       937    -11.15090912    
       938    -11.15090911    
       939    -11.15090911    
       940    -11.15090909    
       941    -11.15090909    
       942    -11.15090911    
       943    -11.15090904    
       944    -11.15090910    
       945    -11.15090910    
       946    -11.15090910    
       947    -11.15090910    
       948    -11.15090905    
       949    -11.15090910    
       950    -11.15090906    
       951    -11.15090906    
       952    -11.15090912    
       953    -11.15090913    
       954    -11.15090913    
       955    -11.15090912    
       956    -11.15090913    
       957    -11.15090912    
       958    -11.15090907    
       959    -11.15090912    
       960    -11.15090913    
       961    -11.15090913    
       962    -11.15090913    
       963    -11.15090911    
       964    -11.15090911    
       965    -11.15090906    
       966    -11.15090912    
       967    -11.15090912    
       968    -11.15090912    
       969    -11.15090906    
       970    -11.15090910    
       971    -11.15090912    
       972    -11.15090912    
       973    -11.15090908    
       974    -11.15090911    
       975    -11.15090911    
       976    -11.15090907    
       977    -11.15090907    
       978    -11.15090911    
       979    -11.15090911    
       980    -11.15090911    
       981    -11.15090911    
       982    -11.15090913    
       983    -11.15090913    
       984    -11.15090910    
       985    -11.15090902    
       986    -11.15090911    
       987    -11.15090911    
       988    -11.15090913    
       989    -11.15090913    
       990    -11.15090912    
       991    -11.15090905    
       992    -11.15090905    
       993    -11.15090912    
       994    -11.15090911    
       995    -11.15090908    
       996    -11.15090905    
       997    -11.15090905    
       998    -11.15090904    
       999    -11.15090909    
      1000    -11.15090909    
