       -9.631852097767116        7.026132685875713       -9.459347255198246
       -9.951250153573369        5.058128214189964       -6.217566705450801
       -9.265914254301686        2.726528414050673       -3.290029001175679
      -10.760698593190982        0.275982383499673       -0.786937992676701
       -9.127358526453282       -2.664217801672498       -2.559286796382025
       -5.947628512435895       -4.489813778202466       -3.567671297297511
       18.338665581817022       -3.483009754758620       -9.668917768897259
       16.921055982332486       -6.887611683830447       -8.725088227538304
       13.595605026460891       -5.637334041371965       -7.360522275047858
       11.098803749042473       -4.037441434444458       -9.747593149360840
       13.633327389568214       -3.824634837100092      -12.576584260054879
       16.086597046886997       -4.655409175891829      -15.363480758837106
       -1.460255697532745        2.580304665150903      -22.861244270532129
       -3.194872821627985        0.578316671141196      -20.126791395242304
       -2.509969752218260        2.688083273812860      -17.038783374116765
       -5.334539394458112        5.233607594785680      -17.167702288222664
       -4.945059748189954        6.522786834058413      -20.726531841261632
       -7.599273781326676        9.189266358827201      -20.135333602251002
        2.635954291615759        1.326987627662641      -19.134756496471287
        2.120673234158402        0.675514305932549      -15.424296160503477
        0.298861461635610        2.175133845889368      -12.442369971134204
       -2.421702628007421        2.844001630127198       -9.864702786150463
       -4.265228704164006        5.707878493849899       -8.171253602070223
       -4.721795738799448        5.135382688839690       -4.439880523409542
        5.594610355777597      -19.954122174186917        2.263045181371962
        5.418145611442059      -16.152202624849515        2.346512396130810
        4.667482585619489      -13.963194999317759       -0.678000125810029
        5.672538966344660      -15.181706855914500       -4.144519655529487
        8.001140807076322      -17.678413033231905       -2.461560250230403
       10.645331757789657      -18.018648443559904        0.254689485069467
       -8.789380361293297       10.353735311589714       -4.901275623349816
       -8.223332296719626        8.418769882795328       -1.676759380395610
      -11.719842526072718        7.008427834809924       -1.157736277528101
      -14.873924918468617        8.295408140312773       -2.849993731125484
      -13.915876794731439        9.007609736201749       -6.461281562340425
      -17.310759123004818       10.588384311240036       -7.144294581481875
       -7.848000471248034       14.226187460336297       12.934632409630193
       -7.709875117576423       12.513542028102801        9.538699946093990
       -6.590649661701005        9.851026534992048        7.060669079130975
       -3.130913245659555        8.629008096554074        8.062859967987311
       -1.468247149709509       11.191379162360823       10.326682426961545
       -2.555341561809179       12.879497456185367       13.557438050808258
        1.306563145342013       19.636877842561123      -13.007935658802198
        1.524999151526957       15.990712442268240      -11.933132573125228
        3.774215336828393       12.944873780323991      -12.306406276134309
        3.242992239543041        9.195534228148805      -11.888655728483966
        1.293516113156899        6.786318832446927       -9.675341166095331
        0.638296597512803        6.947350136291787       -5.925774961101234
       13.767488857113579       15.636686011579124       11.130108979471478
       10.929294239229062       13.857311397843667        9.326545510005003
       10.484811721050363       10.748960910310224       11.478614278832314
        8.124936510468469        9.757369641419251       14.298031569915100
        9.290798700694898        9.537087979352050       17.913743604588554
        9.527592506568221        5.744230114713105       18.143105595033980
       13.581348273653310       -7.815522259618863       14.786972833182164
       10.412069355607050       -7.066617859227852       12.820193425812690
        7.674472371390226       -5.683434407561647       10.571335956196075
        5.553408723471393       -8.792960510319936       10.022479386432991
        7.033081955576528      -11.646752467527172       12.051692552953210
        9.097803858166488      -14.476378372237575       13.537707134428279
        0.296005869163910       10.691279163149037        4.528488987951180
        0.158064870384140       13.970749655369886        2.608348293016332
        1.714963999191703       16.248468109879187       -0.016580492329210
        0.060290610066529       19.211225482702744        1.704656824520302
        0.045889536095072       22.935441305138777        2.483435520799735
       -1.834221206237701       23.887122235241044       -0.687048129607531
        9.844881662569431        9.020513306094617      -20.659177121803239
        6.572912929907081       10.910229793599200      -21.150012347851263
        7.533537829908362       13.430193767399578      -18.463316866845858
        8.013592452430148       13.955146673001337      -14.724836926257600
        6.223487248655104       17.307003697471455      -14.938135964044942
        6.589446585674532       18.591736283042209      -11.375258134753290
        2.908129169032324       -7.090153896033526       -7.499319944461665
        3.539023446537738      -10.760784966820085       -6.723031474256174
        5.998585067870933      -10.043438027024946       -3.911122178019117
        8.935541464968763      -11.777146927988364       -2.211889963164343
       12.008318917264242      -13.620816945431226       -3.497980035993062
       13.581204763633821      -10.773456637181152       -5.484299130272047
      -20.848236951307204       -7.905323712264616       10.150002073207887
      -18.656156793416052      -10.611312481524388        8.606678082497837
      -15.520726654862314       -8.463115509240875        8.839026086996547
      -13.322680596651724       -6.533928657102411        6.415134142938518
      -14.596890062151449       -3.061678538697711        7.315641055247584
      -18.035028258816418       -1.558224873905905        7.946692064985536
      -12.229325535087101       -1.029366542838373      -16.720372355416945
      -11.361454878920924       -1.224877269037440      -13.020541572466712
       -8.301921479849019       -3.478544920146290      -12.935031318171287
       -5.336107623455376       -4.391187454685716      -10.741874709674452
       -2.719310279999695       -7.155987973985576      -10.716677182884549
       -2.494870012368310       -6.896656288766126       -6.923603019890024
       -0.870780481998261        7.841643758985145       15.256993018402571
       -0.049579131173267        6.116497410497511       11.970006968417868
       -0.731774231516098        4.086199705144446        8.822149250411021
        0.022005323195667        5.568531242433409        5.402608061981600
        2.264218233685683        3.777101798437159        2.913754089863660
        4.809881122699050        6.602586689308297        2.898150787171629
       14.212551945511807       -0.100095832251147       -8.033084090354487
       12.143165899108036       -1.112229496946989       -5.004137669834150
       11.714990403571685        2.339794378720658       -3.467683551565627
       10.086698525234741        3.206677954260171       -0.134661556313044
        7.100960230831904        1.263538818559564        1.219478928344055
        7.971702079882052       -1.597024460691756       -1.144414582334685
        2.278421865966775       -8.449785228886688        6.000416817002087
        0.558165496632898       -7.112687260747681        2.889179163186828
       -1.700192230587622       -4.669582586560312        4.739773376720702
       -1.817646222435473       -5.115960232658310        8.514686002179298
        0.367929819574854       -2.503427967759031       10.204957758528595
        3.378920312687077       -3.665133702130870        8.208164314398370
       -2.757022152683549      -17.730426838176122      -16.275069618063203
       -2.818002439103338      -13.934975172001076      -16.582739058253704
       -2.985780947886549      -11.309554766294669      -13.834305035720927
       -1.136731421636794       -8.580088783045236      -15.740697942406410
        0.306202141317295       -9.804260525653373      -19.042981001014081
        1.666026635581861       -7.622464001956957      -21.849937210917609
       13.205559288075850       14.031655805119252       -7.671203279520469
       11.359010559275967       15.579583668012257      -10.620131816010494
        8.092701802342972       13.896748712416127       -9.628092770947074
        8.007894505292635       10.366678859852300      -11.047947317609701
       11.498700367186400       10.248978863121476      -12.544661605246583
       12.347997394856890       11.172138544857162      -16.137102891921945
      -19.200783124580372       10.158646400786640       -0.011674816452063
      -15.931867889708386       10.409938142551679        1.921554918601029
      -14.179088983785288        8.192424964550387        4.462009986248101
      -11.864786696620847       10.225322840694297        6.709642414515679
      -13.834851586224026       13.429393069005949        6.114206867192169
      -13.764224048238260       15.728599016277364        3.078046047143671
      -17.451228183336053      -10.314023957480316       -3.806486256816711
      -14.909988491300457       -9.121154112658884       -1.238371173872019
      -12.869389357031121       -9.190571600142480        1.973182363596563
      -15.812917911147821      -10.423450856661256        4.047357538489215
      -18.085539432205067      -12.614386187129607        1.916067123366884
      -20.253792786641366       -9.631884674671101        0.970620766362358
        5.533394050160683        5.384637466261681      -21.746499502123243
        5.917969834989439        6.101584046100252      -18.025734343739305
        6.569832192058729        9.142155888880964      -15.827681705561254
        3.313485022205273       10.820382877089406      -16.870928553006237
        2.092179470586121       14.389575167605425      -17.363769642987432
       -1.306491699410056       15.993748976868551      -16.742011311953217
      -20.597976190187424        3.522447824561994        7.268617200411335
      -16.958528136839341        3.870157091946276        6.206888927530323
      -13.666878323478173        2.445697552243258        7.476598298360415
      -10.957037668631116        4.975567913690520        6.596534587038962
       -9.270094295430026        6.797250896222359        3.707101036444393
       -7.907870654053635        3.992490336019594        1.538430398281315
      -19.650962187301676        8.877008660660866        5.723925358214637
      -17.206371033238902        9.455479715217116        8.584173473664729
      -14.441584153929872        7.053148325752362        9.623548672787742
      -13.094950479498388        4.734700477944620       12.322499761408871
      -14.452231026457815        3.630978617864967       15.704604229952990
      -13.249384495227334        6.569831383681496       17.808171313562156
       -8.601859078485532       -8.420624981008528       16.389068955134302
       -8.173376291043501       -5.505160661678596       13.983939400989268
       -5.229136115131475       -6.858251697737689       11.982788496668396
       -3.557579424251383       -9.247098269968506       14.428411021803067
       -3.267224434375046      -10.768833584597168       17.900418818944544
       -5.528519845759202       -9.811944131337802       20.809181896398844
      -19.612028902629351        0.889189455947785       15.842262791804803
      -19.489440056143803       -2.080633479039409       13.459309027934999
      -17.079777752884961       -4.693894119406605       12.097585395275210
      -13.304109375459818       -5.142018073695866       12.153029862442525
      -13.398494226089694       -5.417360696667939       15.949264529469815
      -14.930926692175953       -2.074644841066922       16.926337270928979
      -13.188643226353111       12.169327121397306       11.600286570571448
      -10.980317083780239        9.413090606799740       13.016230429234241
       -8.816888469589312        7.219028859637229       10.772753742670512
       -5.727217283234984        8.626315418173647       12.507365131482834
       -6.360651277306421        9.639928854038491       16.124702339493503
       -3.950141082359847       11.009345370794861       18.737015951340439
        9.728443114736463       14.966995706190758       15.112228316824782
        6.703272128802025       14.857942820567670       12.809055576305402
        5.551268984939313       12.185107822298310       10.358536821587384
        3.353322401368110       10.267684282689720       12.807941013961091
        2.452198473221735       12.496545429417601       15.754412302472691
        5.234497411043063       13.361023262588819       18.200582912336625
        3.786233111291422       21.852445390523918       -7.845083548777257
        1.579922248209173       23.506668885100307       -5.220124364336383
        1.800563535637628       20.483972645177147       -2.919293981496369
        5.028354452137392       18.533268674344232       -3.433215630877477
        7.911493930837938       18.666304253171749       -5.920972196669684
       11.687986211858833       19.092674735053752       -5.719364854203594
       16.629964380198683        7.654146124814649      -13.438516207107620
       16.754864998776927       10.155001077604926      -10.567123938934186
       14.191884679692370        8.730275223643678       -8.138641383283868
       13.105278857233436        5.647355448900151      -10.097224096649478
       10.144201528922554        5.150045212917708       -7.759711682859874
        6.509554357203219        6.214663989733446       -8.169488169477594
        8.562059929591602       19.154210995884792        9.359916050299910
        6.448456459571994       16.705169463687763        7.352358000981337
        4.373488363761861       16.899188354994493        4.168189846285686
        7.055485825390487       16.276630234588147        1.541998168501206
        9.385758836648007       18.530442774506596       -0.449453695173522
       12.331388873799906       16.156525134453283       -0.844072361452377
       16.700907655809072       10.735853420921325       10.844779422415183
       16.312741013068290        7.015416245262365       10.138282456871693
       12.913806708482673        7.428227564065046        8.477470470488660
       13.812012141697048       10.479040672843372        6.383123484009499
       15.846926453986887       13.677278349587590        6.054118068317382
       16.479033314424612       15.559222924199739        2.807450856940320
       13.218175291710686       -3.832894060738547       -0.353043123768766
       14.183746804420442       -0.241438315799985        0.415773030489106
       13.952701008489637        2.042903183348723        3.442078973553718
       16.289991787210734        3.364775386118236        6.138010752358906
       16.956797537384066        6.708127886065617        4.452645029125457
       19.425451622908312        9.201886409060050        5.924571394446999
       -9.497230359254607       -4.167726277710539       19.889702004636579
       -5.830606949741888       -4.152196608123559       20.918030952842805
       -4.404665525701525       -5.212195092617481       17.552293184744777
       -1.541937428509354       -4.638176505778140       15.104693847573404
        0.516867692472483       -6.891787851057125       17.380382599017313
       -0.471966976756042       -7.096926086292809       21.051925489798965
        4.186816802489330        1.998349774982439        7.596406684376145
        3.430099469172783        1.970272175260242       11.323429564845810
        5.738977476273013       -0.960589798249701       12.060708052554476
        7.998393104835074       -2.634381916410070       14.621601820070874
        9.833504539266725       -4.150928022052525       17.589293311096508
        9.199074868981011       -1.206276590123738       19.918970669857686
       -1.879011547980871       11.616952766675190      -20.489822117919161
       -2.838736980781428       10.487912586427145      -16.984050276329242
       -0.911941188786876       11.374307940841854      -13.821382199239970
       -3.402543605120361       13.677833129696300      -12.093706503116444
       -6.281154683223699       14.166723106013412      -14.536391451210756
       -8.106130256414135       16.764071256311460      -12.430302964617651
       -6.643956356798997      -13.516840731171738        5.085339841977820
       -8.077636646946925      -12.457326486515882        1.727870982527595
      -10.028042006208961      -11.776391645053378       -1.465919493467308
      -10.071788221097723       -8.208410550745649       -2.800900269434046
       -8.327909667721594       -7.158768322315369        0.415457530212962
       -4.795292875049667       -7.763061980756505        1.679930555122111
       19.047498473146696        2.076231529943937      -10.266893404690499
       18.634153962555569        5.355965551909562       -8.385443106116462
       15.838415496081794        4.380635787521993       -5.998223807362877
       17.033481089673032        1.702022196954371       -3.579354652186707
       20.497890008441232        0.956314654667920       -4.968270724923771
       22.660103046613603        1.451921327964474       -1.871877625911724
      -12.377731093399055       14.340817725492894       -7.128439187660444
      -11.708161467256842       12.488483575198128      -10.387427997615246
       -7.955261458059852       12.111071244170425       -9.887370995997520
       -4.807911249428365       10.940629902663387       -8.099363450385633
       -4.275941766134305       14.351470537395238       -6.494387089081240
       -7.360567535214628       16.573014035303949       -6.579855304756830
      -15.387631246672289      -18.835844504414990       -4.782731737067764
      -17.278444338529358      -15.904597181032260       -3.253716985862527
      -14.258431921954408      -14.432882102375020       -1.467381539242129
      -13.023692879124871      -14.243323411212783        2.130303966278389
      -11.088716944191502      -16.603565578899381        4.404829116475852
      -12.057144307749814      -20.053281318800483        5.684318753491008
       14.092118799551818        5.887632769064368      -18.269656525174764
       11.157939581363731        5.625876978145768      -15.859155718642477
        8.694299004678367        5.577536554654135      -12.962191114160278
        5.022928005703296        4.578756967702435      -13.036703375370948
        5.710234292277420        1.311716039282282      -11.213729665480002
        8.089861419610955        0.108769913006955       -8.503472443025682
       -4.846415423288366       11.183936992919886        2.076279780524429
       -3.844929375105903        7.538446887463622        2.449309588194131
       -1.815676889124777        5.494540402353212       -0.039421528320112
        0.840958386889624        8.219390231667520       -0.176544596072774
        0.391718978073160       11.307997959999934       -2.358548394266972
       -3.160480163690022       10.165913878821163       -3.097279937596565
       -7.467752980538244      -14.109281530320407       16.585153401530853
       -7.583284259303801      -12.613588243232073       13.087320785331702
       -7.231221698325528      -10.903020634862848        9.707391192385291
      -10.385219810841475       -8.879532103568021       10.389233356453833
      -12.682966406085365      -10.345936155677382       13.047017941796327
      -16.357030261841047       -9.825202809344843       13.903410998630230
        5.312220979397196        8.354009284919274       -3.043994900142351
        8.307316083069482        8.548751085279045       -0.713224639415910
        9.571232312266936       11.780396982867172        0.842929140894221
       10.973497428126583       13.804583268816584        3.742689930893674
       11.404313374502063       17.422447796471459        4.833591080553560
       12.995265762212048       20.534962458161029        3.328074967487968
       -9.418616598904753       -5.080857247256735      -20.038188574810604
       -7.097905041179524       -2.734307686343320      -18.142102379670934
       -6.926278276548844        0.364333414601568      -15.943089039494740
       -4.136650584942969       -0.349246257625721      -13.454375105362583
       -2.232562370519591       -3.194363627276456      -15.109616197473731
        0.010546820819115       -3.781643336691164      -18.124576441124667
      -11.204104791681964       17.206091542472546        9.502821094655902
       -9.160245072187280       17.009670285869078        6.298429399221194
       -8.747569503169418       13.704317894997038        4.459740855182143
      -10.554936757862031       11.584471683208486        1.866655404934916
      -12.180556562423178       12.637557190719544       -1.409085503200757
      -15.605767506601422       13.841911872495560       -2.552165776731493
       -8.803169027297360        2.360976825325070      -20.473637057177378
      -10.541171225744908        4.334356325861706      -17.718406281933799
      -10.188259251123847        3.833753564130024      -13.961635848945116
       -6.677173710966494        3.922135236425368      -12.499454760319185
       -7.676216380313798        1.370214107805406       -9.856840464300312
       -5.828025431184236        0.063494150065059       -6.797908299825581
       -6.329311655070796       20.981480326858009       -3.083960733095546
       -3.295740291060894       18.735342833434423       -2.598608220599521
       -3.267009387692290       15.187489982099276       -1.238700527227214
       -6.917199147545752       14.200229101947093       -1.697760077282762
       -8.827637888797147       16.895598523053987        0.189077747979536
      -11.218547070267748       17.965830613566759       -2.574790395055846
      -16.981650814563270        8.501681480319590       14.126866036614688
      -18.811014132857753        5.602975615387088       12.465506269168277
      -17.246608304925743        2.339664187237454       11.288732242170919
      -14.458218433552847       -0.188169002021545       11.869609450276036
      -10.944846695429622       -0.407677747099785       13.326259978199154
       -9.346431581038900        1.550745328951568       10.480560032057099
        2.144692585113182       17.933725711122310       14.543300336329537
        1.497075957923141       15.939568116104800       11.364859938557256
        1.610973317108652       14.581017859325598        7.813369003221713
        0.097296146486556       17.836609319671716        6.551401910073556
       -2.033408727707001       20.911201353016821        7.235977050762599
       -5.718583177410572       21.064535095166914        8.182659468732858
       -5.963621505066411      -18.314540738212287       13.073219160044861
       -6.158836512491364      -20.820201372005808       10.214273591944263
       -6.779948154836243      -18.406867331567351        7.337588838816720
       -8.881239861183584      -15.838763524664838        9.203043529146992
      -11.287349451019740      -18.274159908380437       10.866079342173933
      -12.161269152016397      -15.903763950850689       13.713848043598027
        5.638324731146749      -11.475970760334631      -20.393545247961274
        5.871793957148090       -8.836857986718194      -17.660339291076564
        3.579752600153022       -6.862946430669417      -15.355228281850415
        5.268224801819760       -3.568350006791832      -16.243568859869207
        5.297935245251819       -3.598825510829231      -20.048756099188662
        7.163718327396479       -5.985554768637192      -22.356969436299128
      -17.478938815640483       -6.529407446565559      -14.218742064728879
      -16.502388789623250       -3.108948205683552      -12.866841793316402
      -14.959685583451972       -2.866033173659746       -9.395958733559576
      -16.798942578675028       -0.725112582413519       -6.847298535216411
      -18.789275561926445        0.862187190744881       -9.680982873119993
      -21.790123657930060        1.590049034694674       -7.452042027133705
        8.573365301615814      -18.174162473819514       -7.924983791938194
        7.078684851845831      -17.256783315916771      -11.303135857627957
        4.574124383524217      -14.519290936165936      -10.465598815454817
        2.260274539858256      -15.763833541827589       -7.718959945678238
        3.204515964711833      -19.417844672431347       -7.265336296618877
        5.211286165654094      -21.852154501758367       -5.134422846157059
        9.455229960393218       10.399716328857130       -5.970745471511610
        8.629055767960265       13.610590427228436       -4.108869419194556
        5.267096822987713       13.584152938829929       -2.333520949213994
        4.543134480399694       11.860134320185644        0.984696661010151
        5.632195497838025       11.894321433690079        4.631478758518270
        8.449311450658694       10.010666888117600        6.349092322114758
       22.493747239444225        9.328019444641965       -7.039914597665318
       23.027351321505286        6.418063441368491       -4.642614243237481
       19.687360567679601        6.003322065336908       -2.868974517186917
       17.751346470492219        8.845576462462466       -4.499207391818309
       18.045692129019024       12.471579651265545       -5.607502378200283
       17.409559666915396       14.991390874125036       -2.827577445433300
      -15.487442313161385        2.771426314431049      -14.002700517794489
      -14.677892059973386        5.007294490349051      -11.026241815651703
      -13.169479005877946        2.054892398339771       -9.155517186317493
      -11.685806735276836       -0.240018958350560       -6.507415820707344
      -10.009630481587816       -3.368018457689927       -7.885944418497116
       -8.646892993126702       -6.909731799634611       -7.650354360632652
        7.140943389637196       -6.249971792640485        5.131339465650285
        5.105415746917169       -3.898782129882794        2.938225226967635
        2.154593638420544       -1.563900753793402        3.499660934542419
       -0.573010567703114        0.185099735190808        5.499671853685339
       -3.581509965506216        2.173917884237355        4.275345615229494
       -5.629684041520177        4.212583333695134        6.754938971008108
       10.373965455002647       -1.964401854929485        4.106403799667135
        8.399317166694777       -1.414305948351587        7.308049045973938
       10.534098278656476       -1.451587506342119       10.453039759592835
       13.568760450642420       -2.700299334703646       12.367699135975446
       16.906159894107773       -3.259602542633881       14.112343848713873
       15.290654170187414       -2.744102420192613       17.523527886053888
      -11.334610311369534       -9.861075292053087      -17.202957018766487
      -11.896872398172578       -6.601794562262216      -15.321619160649556
      -12.324309378005189       -6.551414003637682      -11.543849662436280
      -12.025105517306743      -10.173375179568570      -10.408024474975491
      -14.757987347060542      -11.220718135335989      -12.841136367166659
      -13.372233580775074      -14.669674480567098      -13.657325181478704
      -20.595396845559282       -4.311199822549535       -0.689530324621708
      -17.587445422972095       -4.644547948133097       -3.001170463267531
      -14.017860086250092       -4.155885311153923       -4.231345497995647
      -13.854465406361422       -7.125173622528899       -6.596626934784881
      -16.879767769574560       -7.844620802137466       -8.787110103701160
      -19.587264344784465       -5.216883251758922       -8.268967688283480
       -9.443115279892881      -16.324773156459820       -9.905867393321886
       -6.614955811173248      -18.686948834234077      -10.869552414994549
       -4.244935045339524      -15.772737573109788      -11.481376029114321
       -0.482314793678603      -15.379341339310505      -11.894262520464221
        1.642648898036709      -18.443770052864050      -12.652492245012576
       -1.199023940104787      -20.679366916980367      -11.460258651325912
       -2.578135130895169        0.126650851405883       22.970539355112955
       -0.859200521776135       -1.710481210645524       20.113240325153804
       -3.064676100105631       -0.312734544350210       17.352580471088139
       -6.831677758243411       -0.626598707092596       16.895538514624331
       -7.366161726603683        1.371148297102842       20.094708112618189
      -11.139258307739846        1.297027767875041       19.581375940076413
       -2.471794193446841      -12.785976484276645        1.529690650965818
        1.047998113853522      -12.820601712581922        2.963985720874425
        0.957691048597486      -13.935142848283505        6.601901000975121
        4.621832731391952      -13.024070848251608        7.119571428855926
        8.102194393089505      -14.509641274677671        7.531607804280080
        9.406502021603510      -17.777003679457572        6.074609489208801
       -0.680830839322902       -2.222807074221988       -9.721723683690918
        2.450124508406070       -3.334025856714399      -11.579497383715953
        6.076522319061450       -4.416697044622347      -11.133707901266341
        8.508372544067131       -6.259735938543820      -13.414672207936583
       10.988270447973902       -7.448244160899478      -16.047024874809793
       10.547068155081156       -4.285550259897371      -18.117389683882362
       18.301095084367187      -11.487911565767385        9.460602336506533
       17.916209149738965      -11.219708295611582        5.680808190510509
       14.499872209222453       -9.617013518260761        5.188139561771080
       11.854296318096589       -7.757006240447829        3.177327924383993
       13.245689746298327       -9.317351574798661       -0.001121619801742
       16.108492594896436      -11.806894651783477        0.275448705064541
       -2.278723449266547      -22.142053134709922       -0.063374391516126
        1.416599407737867      -21.984533462330667       -0.963286004029691
        2.383833529561095      -18.432710161726330       -1.934418870165604
       -1.195738433105848      -17.132542998172365       -1.948352445751401
        0.080381164653181      -13.804543365294714       -3.286586767706011
        0.707168429811767      -10.235027691151988       -2.117292373660001
       -1.750626441999005       21.664355802322866       12.743851475815250
       -3.558742923353110       18.314623733054869       12.657495214754537
       -3.742344721300968       16.206441996606319        9.493189273220199
       -3.664252943620764       14.096337181515814        6.330135374872778
       -4.348750771418707       16.826215212355020        3.763886636719742
       -5.165648842355089       20.342710537802187        2.554956195530702
       13.574814950866388        0.298570752447250      -17.056129852976920
       14.828365092538062        1.837735921990527      -13.806763688976357
       11.379158489929269        1.373746466063710      -12.270571976308515
        9.263176670251795       -1.324975630752532      -13.917688080714486
        7.768474135631414        1.157785681452653      -16.382189821083820
        8.744526994464136        0.996330323463569      -20.055696407493226
       21.509411685918622       11.091366938860325       -1.343142877269394
       18.238541955550939       10.440824620726668        0.497582009245431
       14.511074603160347       10.779873402543478        1.194833144101712
       13.559483975834342       11.182094301357676       -2.473522564601285
       12.912456052059177        7.474577027038423       -3.031851144456835
       15.048167047117769        5.552558364430231       -0.547867713645784
      -22.021753535507901       -0.637985647207074        3.647223377667153
      -18.344742336913480       -0.416452687450666        2.694661494851213
      -14.587201158987094        0.054180919064867        3.023781429854251
      -13.315993086585332        3.537748800902098        2.177794431742100
      -16.604439283525441        4.822818630327854        0.755777792056292
      -20.305827540690963        4.806267125850432        1.645053059110028
       11.715824239869606      -13.981016228891956       -9.713712886594333
        8.740948335046683      -12.501572724177672       -7.850874390470684
        9.338577268053772       -8.811997612589899       -8.568017178492660
       12.256359441750167       -8.879764149671836      -11.008126927887494
       15.251728177220732       -9.916098260225267      -13.114854786650886
       13.374657981766168      -12.592998548890552      -15.067218993013048
        3.591085407771630        0.583065664997012       22.590304001322639
        5.091823678546055        2.547747770276070       19.695296737364757
        6.160129854389664        2.098116973715904       16.068469165812044
        5.096517936941579        5.575069959834071       14.925561913301822
        3.995869362514287        7.639823309485267       17.924613035118188
        1.480233514191509        9.229083779990058       20.302451149525808
        3.920416329051492      -18.328585918395834        7.551205330525554
        4.445527198024787      -16.845827673702114       11.017659496385795
        2.155051602032482      -13.859644236189091       11.583817257741039
        1.464851564011165      -11.663356968287012       14.619318626682400
        4.082694687507880      -13.509425715070297       16.675922414384015
        3.292240421145905      -11.271242019361981       19.657016526242398
        0.878186415370815      -18.052874755005728       15.013499470295141
       -1.865691726867605      -15.812346434554522       16.398065519333805
       -2.669478788238006      -14.108126066758020       13.091983941673048
       -3.664408622226300      -14.852693338588885        9.488642663571733
       -1.303192430907005      -17.838278556561885        9.629207995419943
       -0.160794914785961      -21.362139202367896       10.501685692119970
        0.250736696881873       11.931554314716722       -8.385706980081867
        3.841763646455950       11.635052988082576       -7.154101746978569
        3.956012467437212       15.440292170918939       -7.201221317352010
        0.892366313093203       15.914473004487931       -4.985138452838220
       -0.571584161702733       18.453896156834791       -7.414967544357584
       -3.345445393644323       18.699268955381871      -10.011384678013608
       -4.620400567706760      -22.782510899778110       -7.528721715495037
       -1.750844421700296      -21.141117218469070       -5.636830249641089
       -2.244641215504791      -17.667362459375489       -7.110418431121693
       -5.627115260866539      -16.175712783122311       -6.230198073982927
       -5.555096360951522      -14.231008080565671       -2.965597708931323
       -5.007642434288342      -10.468959422559703       -3.182985992117850
       21.981472821704383       -4.763351902553384       -5.670588237349511
       21.984681335885302       -4.189734496158263       -1.908401541409952
       18.774963406176788       -2.331522011683207       -1.055083964929362
       16.997838848451543       -3.272769227787373       -4.291467911172738
       17.007917954247823       -6.910809870321715       -3.175679085701878
       19.393315242837144       -9.724290940049620       -4.108404085019667
        7.670666135668906       -4.793401698650926       -5.735722463039435
       10.094509450112293       -6.761172838899980       -3.574664803269319
        8.132506696053397       -7.006382117961002       -0.319404096458573
        5.264025621482312       -9.143105083318824        1.002168384015850
        7.707876115557834      -11.220056066589008        3.050213556159330
       10.948358627103925      -13.210007218980198        2.945268164473901
       -7.441997385252695      -20.669558811339019        2.474724152930069
       -5.121743998962752      -17.719753050203064        1.839049393677022
       -2.690596275118724      -16.973454833891036        4.671210477142982
        0.449400713057732      -18.147121522358592        2.874059869775365
        0.515332844728335      -21.484284997144776        4.707728313525764
       -3.099911252149671      -22.195017464413677        5.662855441311576
      -19.830169197986656        6.212209344050639       -4.001731795102357
      -17.042803661703367        4.553423948028424       -5.992013328780607
      -14.276289419174407        3.197992958534386       -3.760893140516222
      -15.572343184597802        0.127627343915022       -1.926952146141279
      -19.265499139793246        0.862620407598879       -2.477518102291195
      -23.000128340889383        1.036181221250291       -1.766367790205298
       18.875803299347041       -6.079645933857416        7.819279659905334
       15.430627463094428       -6.556425792316290        9.376095434797397
       11.939346370414757       -5.999591140706500        7.955686977083660
       10.241053214187977       -9.414205699199625        7.892935936543517
       12.597605526320470      -11.440567322826661       10.088146452844004
       13.658871533598422      -14.328590035618948        7.845545311374659
       -2.057957484438619      -12.232679584217630       -8.046924710732037
       -5.759603787926499      -11.530553644069686       -8.590805116000448
       -8.977222082194658      -12.048814695403015       -6.617661761893573
      -12.654381490497164      -11.845062677853575       -5.646460450416861
      -14.244707990966234      -14.415848035906077       -7.952288270181442
      -17.875452863745362      -13.437566504628334       -8.535579627614950
       -9.310074448679773       -3.928000686195365        8.882373982936071
       -6.799669142667364       -5.884919072870452        6.797406789115599
       -8.952476767825386       -8.698328271316154        5.416618203119656
      -11.384757748518831      -11.502097119853779        6.263054986581909
      -13.671853748681720      -13.498125705899302        8.554222233289373
      -16.159914751789287      -15.452381188695961        6.437446266265653
        3.754736030699038        7.648768690869691        8.263844180861053
        6.869154402860109        6.429435553233325       10.078950977302286
        8.564551916100546        3.402705296479958       11.654989413570625
       11.149945057850019        5.860599270692230       12.989549877667999
       13.760019925237284        7.806015267285258       14.957367526278725
       14.022236645719159       11.545919704667440       15.617594257717048
       -8.759774788589461        4.441439098127802       15.429713425528584
       -4.969984573974477        4.297784321515970       15.705814309483848
       -4.787873146289321        3.775135421235110       11.938905401138415
       -2.131861305010921        1.151444661334019       12.676392410397062
       -4.765674207789740       -1.558536709131835       12.213555586723110
       -4.824648440304593       -0.895727093874213        8.471076642237922
       -2.944005227977304       -9.959531182789782        6.533258505757173
       -1.179350213555521      -10.153536407924436        9.896513829723290
        0.946435048017632       -7.637908760733870       11.803696721330949
        3.524988897522119       -5.318441606951350       13.371222329214604
        5.585832670877053       -7.693899229508429       15.511577457826609
        8.296074306132809       -9.655473694616898       17.330676180860344
       19.511976399824441        2.293962657442043       10.279197213035548
       17.774483876117547       -0.901040382132575        9.156303564274197
       14.544639655527083       -1.520592647768761        7.246713272331177
       15.105593940100114       -4.186541424953355        4.584807207351095
       17.447987724941676       -6.206941548630722        2.370959501049241
       20.517591382636809       -8.300837628988777        1.551462421281889
       -5.335535258684244       -2.198346705640632        1.548535685245805
       -4.608850905164707        0.461719256666184       -1.081702705088735
       -0.962333558038256        0.484124491739055        0.013507808741630
        2.547181269560995       -0.097196982384312       -1.331706269677819
        3.077495824026299        3.552611082748869       -2.261756793181968
        6.405856764757311        2.874844430315736       -3.974918838419080
        3.188015326614634       -5.298769635758435       -2.140014982668843
       -0.541895329182177       -4.631553004125853       -1.738496878054791
       -1.334553574123763       -2.099805248067486       -4.461996595017205
       -0.939848115768374        1.634645957027487       -5.063246542323595
        2.108656960812155        1.835086516851892       -7.328944744481657
        3.498290738657363       -1.544543220385070       -6.282273202377656
        7.094254735580704       23.470386574649709       -3.146838838132452
        4.693288286381670       24.353593293109572       -0.326066200494632
        4.838672991213782       20.815998585227192        1.067970184907453
        7.249248531149217       21.040978909906702        4.009527030398114
        4.228241243386599       21.857762842184080        6.187470758326442
        3.177892167784413       20.978949867469737        9.738872748828879
       -8.075945877775176      -15.568158776255764      -15.563690244336344
       -8.120988073608649      -12.338995976104759      -13.549715388687877
       -7.719153444691383       -8.689076261634536      -12.552503183700125
       -5.908851101563813       -7.098472920912806      -15.485656055846544
       -5.786149284868793       -9.521402569335271      -18.416773503405828
       -4.082161961020161       -6.871743091024749      -20.560636659459494
       -3.487483671076884        5.697292985442162       20.883007992414079
       -0.391113573485998        3.966231780918731       19.502390929221850
        1.026032427744561        2.765560953361116       16.184410996230941
        1.817753742367378       -0.886125347052445       15.458010569282640
        4.055718988411873       -2.657109066645700       17.974334887177442
        4.991452862574494       -5.242117624192759       20.607788771627412
      -15.743006845716131      -18.787599272377772        1.439915037172567
      -12.387656816264911      -19.542463840099977       -0.197861006515708
       -9.778177622245229      -16.826685725603731       -0.739897130702588
      -10.504013463493468      -16.325278117505444       -4.439797775092797
       -9.558308425491031      -19.872870116961384       -5.449271780018182
       -6.628257499231996      -20.265627944375087       -3.049040218384838
       11.487751270577483        6.762805545603515        3.396605287075644
        9.202473549513959        4.391803916691844        5.307906808610599
       11.566967201817153        2.694241055070293        7.748870336766759
       13.924467255495747        2.325467333387825       10.705609951781259
       15.102461696067483        2.221141043209694       14.321824601817340
       11.628597401939185        1.171505546131552       15.479948512265247
       22.872329582675903       -1.294704342947225        6.921990854543553
       21.662348974872653       -2.557375799082593        3.539297694647957
       18.370552204896317       -0.664532577499293        3.779046757814410
       18.772222150574606        2.381161501418207        1.531298707976700
       21.504743521870729        3.502135653487356        3.941229226413557
       22.395851106801459        6.447927180277308        1.700584228573167
       -9.489778913212973        0.039889820610510        4.930996860778941
      -10.529688487926746       -3.269551644242131        3.366857225085032
      -13.045117618477068       -4.217294865559076        0.672528670077405
      -16.247662336013541       -5.329119028145835        2.395267109264239
      -18.816968990750699       -6.124571935277287        5.083758727290122
      -22.615166897248042       -6.163869184890464        4.845518455954199
      -12.228695066247022        8.783107576848563      -14.562837310807849
       -8.424326907668567        8.935919658073399      -14.601159226665452
       -5.206848239447367        8.768270809559853      -12.580916566944261
       -2.308226479746295        6.452098000253152      -13.418477421582205
        0.801795582605962        6.412448157356053      -15.609633796882381
        0.494570341469592        6.628238286005777      -19.394745195264189
        7.953881116928012      -14.241928528985094      -15.999315597953911
        8.064097644571204      -11.567108303124343      -13.295350923410011
        5.351413846324347       -9.582507223832318      -11.512385571858836
        1.656520092707756      -10.448917266957501      -11.830372814735821
        2.584001917122951      -12.457461100875356      -14.931059926553823
        2.535138632026987      -15.377619370786009      -17.370724065695292
