       -21.8833124569        2.4242052065       -6.7259812458
       -20.2966856428       -0.5683466980       -8.4675387083
       -18.6827826898       -1.9975197738       -5.3271043985
       -16.4425070680        1.0740010007       -5.0824993010
       -14.7715822068        0.6422250531       -1.6900470273
       -12.9088411105        1.2748914138        1.5666367015
         3.1562840222        8.4311989948        9.8956339786
         4.5743448207        7.6075530111        6.4627246225
         1.6478852957        9.5068594826        4.9397610186
         2.6356992546        8.4086278637        1.4290920109
         0.4363256863        5.3092636670        1.6797510853
         1.0219068305        3.5563962612        5.0056372662
         3.4600150138       18.9860785191       -3.1608239572
         1.9205538425       15.5379303858       -2.7219960008
        -1.8158832149       16.2010153436       -2.9623672578
        -4.0912836397       17.9693671532       -5.4466680517
        -3.2470398290       21.5047423636       -6.5722030917
        -1.2175368189       22.0338328886       -3.3934470376
       -12.1205791887      -12.1521777309      -11.8152408287
       -11.6270178196      -13.9534791552       -8.4970725792
       -10.9646840140      -10.9341022226       -6.2783267008
       -13.3063559988       -8.2679282589       -7.6515499623
       -15.2698209245       -7.3368638758      -10.7770314351
       -15.8340692047       -3.7790096787       -9.5465620421
        14.0855883705        2.2465417675       16.6261715609
        12.9032266128       -1.3393839906       16.1361636813
        12.4019651967       -2.8559808957       12.6847538412
        10.0829711469       -4.0690953041        9.9232468457
         9.8877739826       -0.4205545418        8.8681966021
         9.8155359456        1.8539866507       11.9128255185
        14.4831365266       18.0766580498        2.9273574729
        13.0714285813       18.1732241050       -0.6086316259
        12.6768096000       14.3882185332       -0.6084389302
         9.4328572012       12.4175988618       -0.4836935899
         5.6898975000       12.7475576513        0.0483685825
         5.7564444437       12.4296222302        3.8354819317
       -13.0332397841       18.2657258498       -2.2021071590
       -10.2764829660       18.0196374569        0.4117037817
        -7.6076980778       16.8149450602       -2.0163694261
        -5.1442547120       19.4404802819       -0.7784242331
        -7.1089708264       22.3661905773       -2.2106249021
        -8.8207298531       20.8599386186       -5.2613138913
        -6.2047056477      -12.4353277860       -8.5894942596
        -3.6760241964      -11.5400397033      -11.2863353436
        -1.4142902666      -13.3749147125      -13.7342496243
         0.3048559149      -10.1462162811      -14.8027414975
         0.5087268173      -11.3107197866      -18.4207907939
        -3.0514048506      -12.6320633943      -18.7101376047
        -0.1795812422       18.9040985065        1.2420015254
         2.6981632102       16.7421529947        2.4707569857
         0.7160618292       13.5287321651        1.9522484844
        -0.9019933175       14.1656040289        5.3367705502
         2.0494847282       14.3384960022        7.7346743880
         1.9524904582       16.7630125657       10.6711338115
         0.0455052066       14.4160783892       15.2586528307
        -0.7907522720       12.1321655420       12.3237064185
        -1.5377860667       10.7001412135        8.8777315532
        -2.0627250323        7.2429613337        7.3786341735
        -1.1334799247        4.6895485284       10.0415768029
        -1.4724621208        0.9595773004        9.3648980523
        -3.9947825503       17.2450677868      -10.7153132975
        -5.3925368680       18.3017606151      -14.0958033495
        -3.3034424926       15.5953799570      -15.7677599125
        -3.1010700272       11.8984280891      -16.6621479190
        -2.2812596716       13.0390600237      -20.2077134942
         1.0980364498       14.1920032814      -18.8720401896
        -3.5300661642       -4.6934690870      -24.1903582929
        -1.3035320187       -1.8970527366      -22.8766149689
         2.0047749346       -1.7839635550      -20.9928683773
         4.2634078036        1.2869610392      -20.9432018803
         6.1844422488        3.4914194984      -18.5005131131
         7.0105113060        6.9507575654      -17.1442415248
       -10.5176050665      -18.1797110239       11.8643452182
        -7.3735917181      -18.7681016346        9.7987985916
        -3.8488111466      -17.3958142971       10.2357309800
        -2.8971656817      -18.7205774663        6.7935573445
         0.3791323746      -20.2981877766        5.6697696605
        -0.6276124758      -20.4221450169        1.9992640368
         4.5724973064       -0.6371738998        9.7239605491
         4.4863293935        3.1212999440       10.3078802434
         2.7995169728        4.3319536626       13.5020565325
         3.5329475739        5.2381152060       17.1255808196
         5.1549674817        5.5033517837       20.5590290270
         4.7365947964        1.7793734271       21.2425598674
        -8.8213408562       -7.9974136521      -10.4125050836
       -10.3908807913       -4.5385620434      -10.2193040746
        -7.1732260442       -2.5157078604      -10.0254799062
        -7.4305094913       -2.8914864512       -6.2447270663
        -8.6793928020       -6.2695919541       -5.0221456181
        -6.4031468601       -9.1725188044       -4.0911330584
        -4.6123415773       16.7099014269       13.2651112422
        -3.5354351988       16.1813988589        9.6481274314
        -4.5580745152       19.7858569673        8.9621325012
        -1.5683831028       20.9391924961       11.0246830727
         1.1959382912       23.3198447033        9.9360345394
         4.3009127894       21.8269288234       11.5559277407
        -0.0587794895      -17.3874692518      -17.2005011255
        -2.6501141440      -18.6192526880      -14.6968532622
        -1.2800031463      -21.0401715116      -12.0973234832
         0.2478092821      -21.1068686301       -8.6111562131
         0.1618510422      -17.6376172958       -7.0507999363
        -2.5451346525      -16.4650601176       -9.4458364569
        -0.4912347828      -12.2118644858       19.3008278556
         2.4697957950      -13.7289005186       17.4529686644
         5.0736596171      -10.9517202226       17.3712258389
         3.3112066197       -8.4442908345       19.6308569782
         0.2540076220       -6.6773897365       21.0538647370
        -0.3580881333       -3.0274037564       21.9592269939
        -7.8304281516      -13.3412951847       12.9868961783
        -8.0430993949      -13.2179687605        9.1922434971
        -5.7367797788      -14.5257372049        6.4569375519
        -4.7414123715      -10.8944404250        5.8840333670
        -1.1568562901      -11.5322052197        4.7975982258
        -1.1931812006      -15.0317020906        3.3091318158
         8.6843186734       -6.1472637512      -13.5610406405
        10.6114568478       -9.3425405004      -14.2972911796
        11.9335510727       -9.9873993152      -10.7848316688
        14.8247560515       -9.0390478708       -8.4929131877
        18.3252904398       -8.8533207977       -7.0076284778
        19.6241805048       -5.8520606665       -5.0563891416
         0.7315968409       17.4553689578       -7.8634526836
         1.9769409395       13.8624968765       -7.7203223004
         5.5133664099       14.5371482862       -6.5039161877
         6.6963109708       11.2322027297       -5.0388861572
         3.2481684329       10.0744608714       -3.9056833260
        -0.3054540220       10.3622262360       -2.5677600853
         0.8702272766       -1.2253299056       -4.0197917101
         0.5192097618        0.0218609298       -7.5939114293
        -2.6594482239       -2.0390346264       -7.8798313192
        -2.9890908116       -4.7893037698       -5.2592448256
        -4.0048367916       -6.8939304071       -8.2700082347
        -3.7862277743       -6.2238084926      -12.0084895576
         4.8590155063       -6.4088421906      -21.2813218820
         7.6599197855       -7.6269357603      -19.0039721951
         5.2252216720       -9.4113274569      -16.6861068134
         5.1228199990      -10.1233256383      -12.9550269545
         6.6245196568       -9.5714797955       -9.5119216276
         5.4196248969      -10.1468234454       -5.9551515240
       -11.7639487368        3.5762994945       11.5238888043
        -9.5602373690        6.0318216116       13.4140832584
        -7.6559499994        7.8193352478       16.1907034309
        -8.9524463972       11.0976174441       14.7491680912
        -6.4118536911       11.6302455316       11.9680047668
        -4.9186801729        8.1400659556       11.7921674974
       -10.4230200144        0.1902502074        6.8633649274
        -6.6888348807        0.5832063986        7.4778595686
        -6.3322152798        2.9826258498       10.4118278049
        -4.8965388184        3.3152209480       13.9217343248
        -1.6186795570        1.5278892542       14.6781637438
         0.5196073907        0.9720004759       17.7715595766
        12.7592908268       -4.4698024356        1.2514398675
        12.0286452999       -3.6603981687        4.8985348066
         8.3767423062       -2.7027964293        4.3907068059
         5.0028571191       -2.7342573225        2.6238118855
         3.1616905925        0.0554374776        0.7958487637
         5.6184138198        2.6412296049        2.1285751249
         6.4364853044      -15.2826437666       13.8919095839
         6.7216359163      -14.4537985662       10.1877625399
         7.0775593651      -11.1382791824        8.3574723137
        10.1919915391       -9.0864921143        9.1450163651
        12.3014426738      -11.8835419420        7.6617160521
        14.2501291222      -14.8432852968        9.0474869509
       -14.2706754178       14.0285294472       -9.0601966433
       -11.3802929982       11.7671676463      -10.0722349847
        -8.5473735361       10.4166023201       -7.9228652518
        -8.0880669580        7.3681688230       -5.6964122476
        -4.3303329079        7.2659937094       -5.1285296697
        -4.6802603724        5.7439493476       -1.6576021297
         2.4730524513       10.4072396575       18.8041701676
         3.4645598430       10.0653964480       15.1465870964
         4.5866925098       12.6592418720       12.5925834417
         8.2388190033       12.2048534332       13.5461038262
         7.6298705868       13.5710451419       17.0467931558
         8.2507423238       10.0947369184       18.4751565241
        16.5699378662       12.4623303430       13.9810954998
        13.3679586595       12.5242582234       16.0474666369
        12.1078173003        9.2972288161       14.4733469790
        12.9419193999        6.0728200231       12.6391147672
        16.6432233723        6.9666366335       12.5960123156
        16.7740661250        7.2657710492       16.3909371494
         5.0443309890       -4.5112166321       -2.7388819181
         8.3783380625       -4.9719044206       -4.5244229385
        10.1617168276       -6.4112260945       -7.5676631356
        10.8073693424       -9.6148648807       -5.6039464563
        10.1454366389      -13.1334726964       -6.8961884266
        13.8104909441      -14.1319688039       -7.1474181924
        22.4560867795        1.1681454301       -8.4376675983
        23.7952890418        1.6319006505       -4.9006425486
        21.7065226389       -1.1884682406       -3.4243836872
        18.4321344212       -0.5331557406       -5.2532189197
        18.4520485292        3.2588291251       -4.8855400632
        19.2107885250        3.0103582233       -1.1637480468
        10.2652386607        6.8338449734       -7.4426858044
        10.6227043448       10.3734947884       -8.7885399202
        14.2803761925        9.7731817002       -9.6427399674
        15.5221513591        7.4520019847       -6.8902416546
        19.1730000193        8.5074960419       -6.6767125261
        19.2132152873       11.7663794337       -8.6459708002
        -0.0385457299        8.7452499966       -8.1708121554
        -0.6884588787        5.1379518587       -9.1925073314
         3.0007651532        4.4806614633       -8.5051347952
         5.4801317423        5.7638844886       -5.9205289790
         3.8522760046        4.7544276348       -2.6323287528
         0.2570461437        4.3447486789       -3.8019838034
        -8.7742437441      -18.2742285888       -2.8143207998
        -7.8983202201      -14.7316677137       -3.8932334150
        -4.1834523081      -15.3663640112       -4.4312038585
        -3.6583678443      -17.1568126643       -1.1131382311
        -5.8856499554      -17.6071174394        1.9432445539
        -7.3822647366      -20.2506167584        4.2350388376
        19.1322520018        1.8975534083       12.0132669583
        15.3989023531        1.5299602575       11.3714027642
        15.2728411808       -1.0684959751        8.5999227216
        13.9310980248        1.5585021644        6.1915128701
        12.4222764466        4.7935051125        7.5149215783
         8.8529500167        4.1854045239        6.3469705779
       -13.7752621189       -7.1410116314       -2.4159880621
       -13.7299078209       -3.9603593563       -4.4970578902
       -12.0046121798       -1.0139501128       -6.1703017448
       -10.9735939395        0.7029362793       -9.4039495319
       -14.5926296658        1.5133977502      -10.2622330416
       -13.5651945966        3.1501121895      -13.5418993060
        -9.5158461787      -11.8125361994        3.9223641971
       -10.2326973448      -14.0920316196        0.9629822905
       -10.4989625394      -10.9363505037       -1.1500264241
        -9.2234460775       -7.5895821378        0.1500715410
        -5.7530387288       -8.6543663849        1.2671775089
        -4.9194834826      -12.2373469439        0.3078334702
        22.0930178556       -0.5433996495        2.0136561511
        22.3965681478       -4.2081198090        1.0295279437
        22.5599629378       -5.3848019194        4.6484716813
        20.1009531367       -7.6445072295        6.4785140152
        22.2323170231       -8.1640441811        9.5918370183
        20.7922178470       -7.1807527711       12.9794906244
        17.3593629378       11.1285667129      -13.9315871076
        14.5408192456        9.0278155347      -15.3940057327
        11.1456663907        8.4640455450      -13.7749268729
         8.4860740901       11.1851153998      -13.6958961126
         7.7824890396       13.2336062690      -16.8275796498
        10.3798818035       11.1910049312      -18.7257802088
       -17.5827506548      -11.1126280614       10.6476321049
       -14.6600259768      -10.0974849628       12.8654150763
       -11.4460661118       -9.4952088434       10.9197496572
       -12.9641970570      -10.8868717249        7.7177272105
       -13.5147362629      -14.5193389035        8.7134965416
       -11.3444603929      -16.5559233767        6.3351017297
       -14.9755944805       -5.4516711989      -18.5984713856
       -16.4614294609       -4.1311057384      -15.3502525276
       -13.3349908156       -2.3946871807      -14.0500401872
        -9.8708421024       -0.8413439887      -14.2268373768
       -10.0429033222        1.3028970364      -17.3678878716
       -13.4404536124        0.2018566756      -18.6875897492
        -7.7759559781        3.4967420654      -12.4732187048
        -5.9469477667        6.0576838904      -10.3464653655
        -4.5660332002        9.5753597437      -10.7510311559
        -6.2608139974       12.6025493661      -12.3172457956
        -8.2462471960       13.4800183247      -15.4458531053
        -7.9719171135       11.5836343405      -18.7400444576
       -21.8025527888        8.2729531443       -5.5418535577
       -24.3641169645        8.6334560359       -2.7468540164
       -24.3303140329        4.9184446294       -1.9042817150
       -22.4243476915        5.7155184011        1.2951434348
       -23.9373026003        7.4333156640        4.3350245164
       -23.7340525780       10.8542165519        2.6720973647
        11.1663736700        1.2086774324      -19.3974620563
        12.1623278681        4.3413384007      -17.4732717240
         9.9842598676        3.4504118800      -14.4848613461
         8.4086755787       -0.0041658738      -14.7448689801
         6.7947769923       -2.2550107277      -17.3617996363
         3.5364118493       -0.7456259275      -16.1070454633
        17.3386428530        3.9190252933      -14.9546103258
        17.2366474604        5.8912312839      -11.6976833305
        13.6118756817        4.8388269671      -11.1573684709
        14.2720762222        2.6863755714       -8.0841463531
        16.9418857828        0.7966007121      -10.0355017802
        18.9631725106       -1.2823871460      -12.5037164752
        -2.9518321119        9.6768671667        2.4987656066
        -6.5775792236        9.7770833737        1.3625111072
        -7.7840822133       13.3759252607        1.6348704682
        -4.2743049634       14.8403186231        1.4003236314
        -4.8778226615       17.4598787858        4.0988994802
        -7.0232580052       20.6050896435        4.1719428748
       -15.1357533785       17.0857020021        3.1838298643
       -15.5443477618       13.3327059301        2.6954247526
       -12.7643349966       13.2177652054        0.0917084650
       -15.4131414388       13.3579269576       -2.6440099981
       -16.6283588950       10.8045945303       -5.1972133753
       -13.1239900361        9.3277638754       -5.2836103338
        -2.9043815492       23.7427795217        1.8825831614
        -1.7429128527       22.4217968541        5.2617629345
        -0.0408220636       19.2328927865        6.4610060966
         3.7493779043       19.5855255144        6.6737872559
         3.8857341151       22.9425040815        4.8863610192
         5.1240493841       21.6937664698        1.5097797564
       -14.9113838249       -6.0294058625        7.9829293658
       -11.1950838661       -5.2066542024        7.7934667182
        -8.7582457178       -6.6353539749        5.2396034726
        -7.7245525498       -3.3113208874        3.6900536592
        -6.1702468860       -3.2148072673        0.2154598235
        -9.4391416259       -2.0725135721       -1.3614199002
         5.9022241433       19.3576535618       -8.9363955572
         8.1949906320       19.2442949894       -5.8975642640
         8.4160480630       16.7476091733       -3.0236750288
        10.5205770578       14.5109472400       -5.2747635214
        13.2275630771       17.0508789286       -6.1213896287
        14.2490644311       15.1072257441       -9.2313687254
        -0.8031538712        2.8315049656       22.9155364321
        -0.5207895338        5.9970581803       20.8183364307
        -3.1693008606        4.9950629990       18.2744176669
        -1.2446083159        6.8321407619       15.5411001190
        -2.8698829053        9.9959694078       16.9030897653
        -5.0684221663       12.9646410267       17.8177230692
         0.5295578095       -2.9845913657      -12.1549050540
         3.1478200622       -5.3985574737      -13.4918088699
         1.7733348224       -5.6824847274      -17.0261124951
        -0.6470601624       -6.2858653496      -19.8981651267
        -3.5152795708       -6.9494695920      -17.4828984653
        -5.9299459458       -8.0327775521      -20.2201324994
        -4.7459619254      -22.3319012514       -1.6760534740
        -4.1083968652      -20.7905310668       -5.1010048032
        -5.2651394719      -20.8765892352       -8.7277523665
        -7.5001328180      -17.8520024542       -8.1081079912
        -9.3340055073      -18.3129639996      -11.4135482530
        -7.1268150338      -15.6946507339      -13.0772474766
       -12.8576663229       -4.2591226334        2.4125048712
       -13.4008910771       -7.9552269773        3.1389510674
       -17.1285833080       -7.5459522686        2.5042718680
       -17.7424083087       -9.8465974188        5.4711683295
       -20.9791723000      -11.7639613420        6.0475119730
       -18.9673398907      -14.9865406193        6.3580448715
        -0.8419374388       -4.6140718005       -0.1571612963
        -0.8114947729       -8.3386348875       -0.9501943510
         2.9154922670       -9.0718559938       -1.2193612522
         2.6379043193      -12.0170905655        1.1795826558
         4.3540898028       -9.9659897341        3.8841743245
         1.9336758444       -7.0444348042        3.7863239686
         5.8515010009        0.4765343642       -5.4731511864
         9.5589041371        0.7785010703       -6.2557182601
         9.2405385221        2.2065223879       -9.7671637271
        11.7301753871       -0.3524014455      -11.0963484467
        13.7071455955       -0.4304057179      -14.3490194565
        12.4752269859       -3.3673983019      -16.4355579034
       -10.4792148371        6.3834154431       -1.1130635949
        -9.9798141771        3.1618335344       -3.0791471130
       -12.2426909860        4.1454840791       -5.9790021354
       -11.4212936566        5.9538309149       -9.2310227336
       -14.8282092246        7.3802648256      -10.1611170212
       -17.1845416270        5.7235561536       -7.6706731750
         9.1123932968       19.5771197686        5.3094938721
         8.4663430840       17.1440474494        2.4517020487
        10.6135176478       14.4499458407        4.0704909423
        12.5770590899       15.3947349999        7.1884593951
        12.3368994530       13.6220025852       10.5475285974
        13.4870623809       10.2767566201        9.1441071260
        19.3207547503       -7.1037389240      -12.2518062863
        15.7643155344       -7.1071001450      -13.6103059561
        13.4509431138       -5.0838718814      -11.3651207390
        16.2592346967       -4.2365393104       -8.9373638017
        13.7324530523       -2.6956615137       -6.5517277315
        14.0979787662       -5.5710167730       -4.0853006007
        10.6505657118      -18.3643754691       -4.7302923985
        11.2647796203      -15.7509220106       -2.0285453172
         9.9120729808      -18.2430898108        0.5207244175
         6.5223025575      -18.2478311634       -1.2171786569
         4.2104639034      -21.2684422000       -1.0725456578
         1.1136101510      -21.7811563946       -3.2288243337
       -20.6052468447       -5.2450563265        5.9127941592
       -22.0011430030       -5.5869026637        2.3803176192
       -21.2942994689       -4.1745686707       -1.0869088808
       -17.5395850520       -3.7018505025       -0.6953150057
       -17.8233643115       -1.7400478423        2.5532971493
       -16.0294710133       -1.0927940085        5.8462482867
       -18.5717356958       -5.8054788257       12.2813289059
       -18.0375256646       -2.2558311483       11.0152614775
       -14.2977394025       -1.5416552552       11.0290359855
       -13.1887244492       -4.7453989030       12.7717962370
       -14.4093673669       -5.6134190762       16.2720210341
       -16.5362017935       -2.4744980287       16.5882384392
       -11.6312319672       10.0325989648       10.0624741783
       -13.8997955086       11.2210705563       12.8826101067
       -14.5337667008        7.6750497092       14.1227230497
       -16.0320394459        6.8325835224       10.7251527995
       -17.5148998396        3.3330674049       10.9738850446
       -16.2880941817        2.5852001094       14.4994721488
        17.7543655854       13.3943709697       -1.7818953962
        15.4368837831       12.2360781632       -4.5722741220
        12.3884285570       10.0824286149       -3.8360734429
        13.1774028973        9.0332310382       -0.2662718225
        16.6555103729        7.9151184075       -1.3431182779
        19.8149201243        8.4618466356        0.7100204392
        -0.7652304292        3.1959755057      -20.7606714394
         0.6586485321        3.5975889395      -17.2531558166
        -0.1085844421        2.3879304113      -13.7228895185
        -3.1622915608        1.0400762116      -11.8901486439
        -4.5030870692       -1.4345258410      -14.4567426094
        -1.7775276275       -1.5643758852      -17.1101265111
        -5.3129289348       -5.5504066920       20.3190780547
        -4.3464999050       -8.4462107662       18.0446453687
        -4.7716128785       -9.0359925499       14.3110301593
        -3.1286709892       -5.7632214005       13.2844109433
        -1.2144450415       -4.1240339119       16.1402393963
         1.5545521095       -3.0786489830       13.7433563855
         1.5484881133      -17.3602889509       11.7013220018
         1.0484577154      -15.4369655819        8.4572226439
         3.6628384367      -14.6459226703        5.8139198022
         3.7415709905      -17.0992332111        2.9073727546
         5.9713274399      -19.9542249358        4.0749648935
         5.5158494192      -19.3381246241        7.8053594980
        -4.5304911239        4.2470239265        3.8371545866
        -7.2755928030        2.2486233114        2.1074388489
        -9.6520503407        4.6910763515        3.8142005079
        -9.2214815055        5.7528336240        7.4415349646
        -7.1414449233        8.8517289280        6.7233535606
        -5.8664749484       12.4217113263        6.4265753047
         7.0263833059      -18.5342265444      -14.3461986004
         4.3354165838      -20.0602391898      -12.1252767477
         1.9449903218      -17.1014606437      -12.1606909668
         3.5272198816      -14.4784916864      -14.4179704011
         4.9616970278      -14.6779216314      -17.9376162730
         8.5833192296      -13.5696808145      -17.5495654232
        12.7136920700       14.3217988999      -14.4348472765
        10.2070858784       16.9143243834      -13.2076197484
         8.7337489393       15.0072324497      -10.2632875787
         5.2766476865       14.6985425669      -11.8414925463
         1.8077770913       15.5451811478      -13.1769402428
        -0.6751269311       12.8413840062      -12.1585656038
        -3.3278097342       -5.8898084686        5.1260029771
        -4.9498816462       -4.6762112594        8.3457132437
        -6.4804669596       -7.9356844968        9.5969257941
        -8.2295272606       -5.9092694001       12.2993864931
        -8.9137221309       -5.7621682037       16.0340692868
       -10.0172665256       -9.3973485467       16.2371560616
         4.1215525943       -4.4255729145       -8.1099089797
         6.8224865374       -2.5522212416      -10.0281552789
         4.6631720575        0.4114818116      -11.0545897698
         4.9439952842        3.5602510668      -13.1792452331
         6.6205555063        6.5935064934      -11.6041085294
         5.1461671089        9.6113944517       -9.8125738062
         9.1292894101        4.9837089746       16.4969941146
         7.5225255105        6.7662143633       13.5414902987
         8.7329235596        8.1194141215       10.1972888796
         7.7840657422       11.4514422144        8.6157678261
         7.3409478221       15.2285543345        8.4299870255
         7.7152827766       17.2007316251       11.6623822516
         5.8059043282        0.5173051251       15.6370115505
         7.4415326246       -2.7156405559       14.4767937437
         5.8665927465       -5.6076892490       16.3838205672
         3.6632083289       -3.3764686893       18.5405259268
         5.6659329320       -3.8503608631       21.7410689304
         8.6570672176       -2.2021849913       20.0486728413
        16.7419054642      -14.2353897865       -1.5505760475
        15.4132687069      -10.9056827642       -2.8271262291
        12.8556753222       -9.6062767548       -0.3336407535
        12.8325322234      -12.6348724167        1.9773668436
        16.1683889176      -12.1667618055        3.7531483618
        15.2886867251       -8.5074684228        4.3320079639
        -9.6892151249       17.0602269241      -10.7033366086
        -8.4144011469       15.6842570022       -7.3913092951
       -10.8913119983       14.1874990990       -4.9217571405
        -9.0636563334       11.5362761600       -2.8993824859
        -5.4212126142       12.3745561084       -3.5908249248
        -3.5633057076       12.8918689016       -6.8718002598
       -19.0098804270      -15.0163465014       -2.2113656315
       -19.1295043818      -12.7061520574        0.8140018701
       -15.4932730248      -11.7241214863        0.2438211978
       -14.6821987673      -13.3577854709        3.5839206187
       -15.2062718016      -16.7774529108        1.9900651537
       -12.3688152497      -19.2777814854        1.5337467448
         5.3939466665      -19.7513079338       -6.5355718980
         5.3891907157      -15.9692935509       -6.0956994839
         6.0732237979      -15.3529097799       -9.7881149930
         8.4531993238      -13.7329607768      -12.2688706918
        11.9444173713      -15.2291338136      -12.4753161234
        10.8069484333      -18.0903478723      -10.2310911460
         8.8585140273       -8.1548123164       20.0913444661
        11.1490727951       -6.5456318662       17.5110747071
        10.3620402780       -7.3541383875       13.8791494539
         7.1562378189       -9.2710025943       13.1488442248
         5.3193478632       -6.5891372370       11.1716261500
         5.8648781258       -6.0147251046        7.4533430593
         8.9813642913      -15.3527072120        5.0647859120
         7.6582138934      -13.7224421225        1.8927892574
         6.5363228321      -13.1869334063       -1.7063065396
         7.9727530729       -9.6711107399       -1.4519521872
         7.9019625992       -6.8836854604        1.1283551213
         9.6873464772       -8.7096425205        3.9434897215
       -23.1098390625       -5.0959500582       -6.0434547538
       -20.5574060587       -6.5655909418       -8.4566634213
       -17.9928935739       -7.1191859960       -5.6998559477
       -18.8081788670       -8.4202557797       -2.2181094344
       -22.4892048188       -9.3754767625       -2.3442511965
       -21.8013020142      -11.3167742479       -5.5486484599
         8.9543866087       -0.9560129481       -0.6727153957
        10.9187161338        1.0760072985        1.8821914758
        12.4190786767        4.5663711385        2.0709844419
        16.1157455212        4.7950320919        2.9557174754
        15.6457741830        8.3035387106        4.3598024107
        15.4445970418       12.0329589514        3.6136447220
       -17.2225743827      -15.8108695133       -7.8244758707
       -17.0000387635      -12.0388638678       -8.2903337861
       -15.7029485836      -11.6799989205       -4.7301015904
       -13.4747020085      -14.5039100640       -3.4744622980
       -14.4491411297      -18.1819862072       -3.5611187947
       -12.6638500438      -19.1897856202       -6.7704243581
        -2.2513539929      -13.7892220246       14.0495428750
        -2.7792660504      -12.2079779354       10.6262842632
        -1.4631868298       -8.8162857513        9.5212734420
         2.0631696715      -10.0207857124        8.7340634063
         2.5303530948      -11.5172711693       12.2029865489
         1.0562703098       -8.8788791829       14.5142867368
        -5.9338819796        8.2851197800       21.4128405362
        -7.7366847568        4.9438642012       21.1126393591
        -8.3905207042        3.2080945915       17.7888510565
       -12.0638908257        4.2077422653       17.6391636364
       -12.1777651197        7.7894363282       18.9258334672
       -10.5136755230       11.0933135166       19.8287665359
        -4.8916587968        3.2106018496      -17.1367170103
        -6.3615471546        5.3076799199      -19.9531215889
        -3.4843907937        7.7853391629      -19.6665801916
         0.1628045608        8.5555365416      -18.8983194016
         2.9558298243        7.3147655925      -21.1681149394
         4.9120238863       10.5741059026      -20.9431688425
       -14.2371114604        4.0698377789        6.5767629711
       -13.9451028099        7.6921717762        5.4607012198
       -11.4001794856        9.4317207498        3.2340485708
       -11.1012615392       12.5457332326        5.3930883150
       -10.1436808503       16.2041203949        5.8088980233
        -9.3144058600       15.7884688318        9.5031192118
        10.2769332875        9.2059341127        4.4230772773
         7.9772532048        7.6496767310        1.8233682724
         8.2839711755        7.7630186855       -1.9647020266
         9.1535851321        4.0728026946       -2.2023482019
        12.7898345890        4.5393398153       -3.2234064850
        13.9678273683        0.9802384145       -2.5904815375
        -5.7613518644        2.0750488357       -6.5979968620
        -4.3557212789        0.5670673850       -3.3914577928
        -2.4181224121        0.8235867731       -0.1153105441
        -2.5409185042       -0.6850357073        3.3849309224
         0.4977287670       -1.9701385962        5.2898414390
         0.6691575696       -4.1616257418        8.4023134493
         1.6632350494      -12.4943400261       -9.4833689058
         0.9870523049       -8.7565171719       -9.7133131287
         0.6858566689       -8.0876240737       -5.9782224987
        -1.7315590563      -11.0159442082       -5.6517104601
         0.8530314830      -13.1460676554       -3.8453192692
         1.5328774792      -16.2884102162       -1.8125536333
        -6.4652573263       -2.2744894425      -19.8491457520
        -9.5224639109       -4.1239151199      -18.5361593502
        -8.2662902215       -5.4214040835      -15.1835057405
       -11.6326558041       -7.1601165204      -14.7522882070
       -10.6037968485       -9.8814776640      -17.2085900375
        -7.3757661758      -10.6434070114      -15.3349158056
        15.4706212222      -10.3455510751       18.0297431692
        17.2600695692       -6.9845617423       17.9147460253
        15.5985355167       -6.1855502266       14.5868841210
        17.3033107080       -3.1246155582       13.1066845133
        18.6755552776       -1.6955412395       16.3566482992
        22.1957032515       -1.9659892446       14.9206019450
       -23.0101249063        0.3597534967        1.3111070446
       -20.4840940781        1.1639719718       -1.4215830350
       -19.2831688831        4.5740997877       -2.6150033064
       -15.6484626819        5.6844597542       -2.5017661365
       -15.5728102735        8.5342809550        0.0158205046
       -19.1865436109        9.6211941630       -0.4722820432
       -11.1246037035       -1.3276192795       18.9772047335
       -11.2443520492       -0.5255237066       15.2580961879
        -9.3087958531       -1.0670304223       12.0247767500
        -5.5769740746       -1.5130378030       12.6194064867
        -5.9022299635       -1.3396145356       16.4087811833
        -4.6483845797        0.0130813990       19.7381244199
        17.5962388774       -3.3738188433        4.4193347006
        16.4877025992       -0.6054168103        2.0548101366
        17.5271636897       -2.8096117780       -0.8726528159
        17.5433777956       -6.5406344496       -0.1011146952
        19.9856997863       -9.1642232816        1.1808024938
        21.1263527248      -10.4819223233       -2.2034576280
        20.5901866823       -2.8024076603        9.0611803218
        22.2845067553        0.2638102726        7.5712383390
        19.0112036081        1.6112877843        6.1711218118
        17.7021159372        4.7852052460        7.8098223673
        20.5908053227        6.9019365083        6.5171347792
        19.2374457889        9.9556715012        8.3550164794
       -15.1071868020       14.4756981315        8.3667471382
       -17.2693965237       11.3845665027        7.8409259367
       -18.8440663083        9.6147474113        4.8535103146
       -19.2883537235        6.4225525147        6.8769474536
       -19.8773247798        3.0093723511        5.2988396012
       -17.6204741213        3.9945973575        2.3938785869
       -11.0498273601        6.8661017764      -17.1068577065
        -9.5977310731        8.3748090931      -13.9276651235
        -6.0412828506        8.0629150673      -15.2548063737
        -2.4004761708        7.1703011407      -14.5615452821
         1.2524841537        7.6919446835      -13.6179934464
         3.3234007000       10.4978079639      -15.1361833333
        12.5277808734      -15.2321660255       17.1023205177
        10.3374621574      -12.1748033791       16.4981204616
        10.8979763994      -12.5905401644       12.7559193281
        14.1390252167      -10.6056910426       12.7352017626
        16.6872240354       -9.6095968979       10.0912254909
        14.9740037576       -6.3034649089        9.3044024875
