       -8.5485472938       -0.6173351685        0.3827268735
       -8.6332747698       -4.3200950146        1.2692428871
       -4.9760308818       -4.6840278077        0.2859879968
       -2.1030821871       -4.7252757939       -2.2082973370
       -1.9686409909       -7.1210979955       -5.1625952253
       -2.3933737327       -4.2310821644       -7.6060488913
       -4.9702035525       -6.8115721665        5.2227349328
       -4.6556330648       -5.1427094936        8.6326643976
       -2.4773579043       -2.3861934352        7.1657083150
       -4.7856582076       -1.4805086660        4.2801356110
       -8.0770600084       -1.4554533943        6.1927168364
       -6.5428294418        0.6242119370        8.9924618098
       -7.3887025676       -7.1317484136       -3.7645821185
       -7.0628569496       -3.4051543803       -4.4809363323
       -4.7245033084       -0.5469095676       -3.5591741254
       -2.9534141938       -0.1524562302       -0.2162014724
       -4.3498505021        3.0021701111        1.3907907252
       -7.0336406964        3.6703261562        4.0043426772
        9.5483818501        0.7938860612        0.7454957066
        8.0941964036        3.5309289750        2.9597283239
        4.6225660356        2.0035000633        2.5921674870
        3.5469427989        3.6896122110        5.8322147984
        5.8886018869        1.6579435592        8.0444800953
        7.5914376511       -1.1519853103        6.1163391543
        3.9295952123        7.4208132514        1.6779363240
        0.5016092048        5.7713108384        1.7927457714
        0.9404858710        2.9468880050       -0.7177542552
       -1.8483849760        3.8664872853       -3.1416491586
       -4.8575690589        4.6710179031       -5.3283125722
       -7.7010877092        3.9953079666       -2.8890518043
        6.8443835469        6.6441222990       -6.7043537691
        7.6973617098        7.2795178945       -3.0463363776
        6.0162393632        4.0766229883       -1.8673633145
        4.9730770507        0.4693151547       -2.4475011742
        7.7688228707       -1.5059210640       -4.1111841049
        9.4795573764        1.7158858882       -5.2114315128
       -3.2395964631       -9.6871510217       -0.1058933163
       -0.5456805744       -7.8723112710        1.8824331309
       -0.6349281195       -4.1525234536        2.6824756047
        1.7273345159       -2.1804223887        0.4415231602
        5.3169257753       -3.1191701150        1.2979171011
        4.5713571021       -6.0623280938        3.5880727000
        0.6597906826       -6.6817862831        7.4518947462
        2.6571048259       -3.6620334120        8.6386635306
        2.3179626896       -1.4251707437        5.5801678322
       -0.2179335976        0.8673399651        3.9154753714
       -1.8867094542        3.0130625348        6.5766507616
        0.1300593923        1.6469784885        9.5051986886
        2.9970022894       -6.6866285978       -2.3356148391
        2.6046375983       -3.7474151355       -4.7243493397
        0.3361090844       -0.7230406623       -4.2795564052
       -1.4271285172        0.9707955074       -7.1970184107
       -0.7213654221        3.6739207462       -9.7814351181
       -0.6694948312        7.0994514898       -8.1176880750
        2.4574953709       -1.4676934766       -9.8610200551
        4.2215779613        1.1750113797       -7.7618040869
        2.5647013540        3.7513674475       -5.5056333882
        2.2344802570        6.9965811150       -3.5401429259
       -0.8160704134        9.0964381459       -2.6575489628
       -4.0291883410        8.2163853524       -0.8106148824
