         5.4820715237        6.5325068442       -3.2761867945
         2.2111235941        7.3144472283       -1.4891320822
         0.8687645558        3.7575187609       -1.6919972590
         1.4794700879        3.6502546043       -5.4516907385
        -0.3598738411        2.7512481547       -8.6651946253
        -2.1035165376       -0.5454052644       -9.4412855445
         9.9936184559        3.4359802427       -1.6338073401
         8.3437855766        1.6058816690       -4.5383691956
         5.0171475418        1.0418225143       -2.7748764581
         5.5001867603       -2.7181754452       -3.0776067107
         8.8468956935       -3.4933657008       -1.4421465624
         8.2750172748       -0.9677223824        1.3485183233
        -3.1900761589        7.8082994606       -0.0675802872
        -4.1159830576        4.2157518546        0.7816186718
        -2.1783526908        0.9954244612        1.3880090172
        -1.0817037914        0.6072777946        5.0103802310
        -3.6294198063        3.1216074149        6.3016113327
        -6.5695640578        1.2069026395        4.8231017892
         7.7303579340        3.4508887236        4.6994392918
         5.3989604026        3.8439549638        1.7158943334
         3.0284846190        0.8741733096        1.9321921458
         4.1457515684       -0.6776251797        5.2221120019
         2.4800189135       -0.8690350746        8.6412897407
         0.1569081605        1.6269656595       10.3380857574
        -9.9909755589        2.6840008018        0.5587537363
        -9.7783813347        0.3719131776       -2.4624532106
        -5.9967869071        0.2046126571       -2.0495619749
        -2.9201585261        1.4313339009       -3.9219589601
        -3.7090767113        5.0291531345       -4.8780446339
        -7.3244264389        5.3556369620       -3.7331685287
         3.5431813957       -6.0288020245        6.7648055789
         6.3984107926       -5.5532510705        4.2893926825
         4.1909666582       -4.2925047786        1.4577455704
         0.7158743981       -3.5772067513        2.8200827950
        -0.2766977389       -7.2535663341        2.8088954593
        -2.9071688261       -8.9059594360        0.6066813546
        -9.0453988642       -2.9629879877        1.9355578107
        -7.1627915437       -4.8617633827       -0.7748759318
        -3.6803148175       -3.6669217812        0.1930721221
        -4.1279845733       -3.4689151859        3.9693330796
        -2.2200940459       -4.1940656861        7.1879130706
        -4.2798350898       -1.6998999372        9.1952920083
        -0.9509633665        7.2880469378        8.8985855206
        -1.1273337040        8.0802716351        5.1767529502
         0.4384668539        5.2000169107        3.2397812703
         2.5100149434        4.0452046518        6.2138539802
         4.3381805386        7.3037467036        6.9453216587
         4.3185218293        9.0213929227        3.5470784871
        -7.0619550933        0.9055849730       -7.3880231390
        -6.8544373226       -2.7801927522       -6.4488016963
        -3.4344825452       -3.3761645838       -4.8898541558
        -3.9904175070       -7.1066067546       -4.3834493732
        -1.2537739209       -8.9892331878       -6.2440446122
         0.0272713291       -5.9162599498       -8.0939219697
         5.3946095598       -4.1827346792       -8.1611270426
         4.1737890732       -0.5802523990       -7.9543389506
         1.3122639996       -1.3388630345       -5.5620902610
         0.6378488416       -1.6540149516       -1.8333422304
         0.7313211277       -5.4293354709       -2.3318159561
         3.6326603743       -7.6709905025       -3.3504055467
