      -11.8188677824      -23.7128316468       11.0161137345
      -10.6542994429      -24.6321366869        7.5072593194
       -9.3250321900      -21.4812721106        5.8359655251
       -8.8342337078      -19.7195282334        9.1736338366
       -5.9711655856      -22.0835959315       10.0081854126
       -6.5190440472      -25.3855458476       11.8203308223
        7.1967142537        5.8187033870       -2.4443781720
        6.4899652156        4.5106367300       -5.9428909188
        5.3747054839        0.9055357013       -5.4548492490
        5.2806134558       -0.9510310404       -8.7723384598
        8.8291844406       -2.2307142605       -8.2420602825
       12.2932148764       -3.4014291361       -9.3114997442
        9.5901261949      -19.1561206376      -13.2775635286
        8.6427414330      -15.8979611209      -11.5670037445
        9.8913335801      -12.3081688852      -11.6062025507
        6.8569848609      -10.3119302580      -10.4696647827
        9.3175870798       -7.9585563815       -8.7612386010
       10.2484908329       -6.8435031647       -5.2490403122
      -11.5948834650       -7.6917693639       23.3744130191
       -8.2460311572       -9.2077242781       24.3609540551
       -6.3025765639       -7.6871621845       21.4615201905
       -3.6926219971      -10.0270619570       19.9619000893
       -3.6174784755      -12.0168212956       23.2093705881
        0.0218043986      -11.1853945587       23.9469998505
       16.1790566390        2.6487175162       -3.2351322139
       18.4313943609        0.0909572489       -4.9359947588
       21.9871474321       -0.1055729241       -3.5979366364
       25.7284766077       -0.4946679264       -4.1805681386
       26.0961039265        2.9088179288       -5.8410289657
       29.3826484251        4.5799856370       -6.7829756445
      -13.7910951980       11.6098141673       25.1107009614
      -11.9029572746        8.6140734504       23.7170349217
       -9.5504998162       10.7001075297       21.5692280722
      -12.6186417886       11.7651621939       19.5775431630
      -13.9261933697       15.1745748382       20.6515027363
      -17.4828024873       14.0979477174       21.4833615152
        2.9454523428       20.1797997224      -19.3021597192
        2.8368887386       17.6730182911      -22.1656720723
        2.8546825854       14.2080270315      -20.5917850863
        6.1766772991       12.5898494965      -21.5094967397
        6.3303865626       14.2053745339      -24.9492484282
        8.3775422751       12.6591962069      -27.7602750815
      -10.6217541919      -19.9398842508       19.8891531541
      -10.4729962154      -16.7628327543       17.7972543576
       -8.5183627681      -13.7349701961       16.5725815246
       -7.9666706295      -12.5967611681       20.1605850181
      -11.6985616224      -12.5232497252       20.9099518636
      -11.4572349835      -15.3039826711       23.4971364862
       20.5347920703      -16.5844175342       -6.9769079957
       18.4489800129      -15.9817840886       -3.8464523538
       14.9925327381      -14.3951007397       -3.7643239993
       11.9897318598      -16.7103288979       -4.1095776948
       13.3921197505      -20.2022506279       -3.5426481596
       13.6604868695      -23.9155305176       -4.3311942157
      -26.2041719653       -0.6318551238        9.5986723652
      -27.1908240111        0.5677252218        6.1213763444
      -23.5872646147        0.3576522400        4.9089995398
      -24.7364679878       -2.0107004051        2.1603011429
      -27.3914330270       -4.2350139626        0.5711728856
      -29.9729931821       -3.6155891438        3.3020701711
      -12.4245064440        8.0816598705       10.4353588047
      -12.5249173738        5.1909500329       12.8951671633
      -13.3456198301        3.2229838532       16.0358338895
      -16.7941711839        1.9795416794       17.0319998972
      -18.4167464597        3.5867621627       20.0780356232
      -21.7717427829        1.8625600075       19.5455148707
       -8.7432301616       -2.0096475659       -4.7049235958
       -8.7883000001       -1.5640062717       -0.9281827217
       -5.8565267076       -0.4210112295        1.2160229469
       -3.5180265484       -2.9581051852        2.8398657187
        0.1941164722       -3.3649402901        3.6064667025
        2.7139745866       -6.1826805555        4.0711155320
       16.5584516384        9.0866329140       -3.2822888553
       14.2827179835       10.6382984000       -0.6606669999
       11.8255920296       13.2910284668        0.5283250079
       12.4870577389       15.0339910090       -2.7941257065
        9.0614476781       16.6051317479       -3.3284869385
       10.9285336727       19.7694942619       -4.3167280053
      -15.4806209231       20.3848275409      -12.4799794468
      -14.9672575753       16.8019766645      -13.6768057481
      -13.0049148694       16.1757531589      -10.4760137511
      -14.2370210329       12.7097679686       -9.4955947975
      -15.6346155935       11.2675462483      -12.7307254632
      -15.7788785532       11.1799822270      -16.5345845533
       10.1069938362        0.4197301490      -12.9099862440
        8.0708721686        2.9199238311      -10.8883292388
        4.6708587245        4.6251183082      -11.1124444450
        2.1070338123        2.8317389065       -8.9449510379
       -0.1912341669       -0.1346738890       -9.5905999530
        0.4902349058       -2.8107008034      -12.2019527514
       19.9468237361       22.0902451504       -0.8215094716
       17.1837904366       22.0515285086       -3.4500856897
       15.5493680843       19.1231192738       -1.6487378315
       16.0479492102       16.1587154913        0.6874757797
       18.1299551220       14.4222757361       -1.9879806414
       20.2090910058       17.2271892426       -3.5005169454
       26.2352613168        4.1914029869        2.3215781794
       24.1100131170        4.0740091380       -0.8339605530
       20.9149034017        5.0495722892       -2.6509810960
       21.1186626078        4.2493578728       -6.3642912426
       21.6713513651        4.9996917745      -10.0502742872
       25.3450886266        5.2475888776      -11.0166739554
        0.3728957002      -13.4796184470        9.9311964640
        0.9586294018      -10.9028329778        7.1920624760
        1.9861361849      -13.0050245859        4.1962952570
        4.4690125038      -15.2790456959        2.4241391918
        7.0778354969      -17.2682136610        4.3529623278
        8.0206808355      -18.4097571890        7.8582995388
       20.1848606205       -5.9811921631      -22.6695021857
       19.7095500596       -7.7395108165      -19.3256344551
       18.6174257658       -6.0968566941      -16.0695106165
       17.8381767690       -7.7444740018      -12.7213005683
       19.6931418028      -10.8598522221      -13.8814136399
       22.9172122930       -8.9644804408      -14.5999392535
      -27.4251437329        4.3882470817       -8.1078895302
      -26.8455317839        1.8688356395       -5.3099488828
      -23.3153689308        3.1886531715       -4.7646893977
      -21.8369476296        0.8203882080       -7.3531095937
      -24.2980421907        0.2012964202      -10.1916902907
      -21.5015339162       -1.2792465734      -12.3089045326
        6.0374566697        9.8924297268        1.3936886701
        4.3159814275        9.3384946801        4.7421054404
        3.7031403737       13.0531508022        5.2836605210
        4.1963512406       16.6873018579        6.2970049742
        6.5571515341       15.5861665323        9.0647565087
        9.9326893359       14.7538415008       10.6006623344
      -11.1675184240       -1.8116733859       25.0884964204
       -7.7786533188       -3.5456091699       25.0193242098
       -4.8498290091       -2.1990012355       22.9962364483
       -1.3097070072       -1.0786559566       22.1609275532
        1.2534747482       -1.7917028756       24.8775175834
       -1.3776303583       -1.2585491654       27.5770561776
        7.2547057924      -12.9781593659      -16.2473726251
        7.1856191986      -16.4964102283      -17.6939757997
        4.8087511000      -17.6498112955      -14.9570997503
        4.7828008378      -21.3372146091      -14.0207512977
        6.8364367217      -22.3234043879      -17.0721169155
        3.9974355574      -21.0784823014      -19.2878568398
       10.6983188037        9.6415025383       13.1635938339
       13.2506038689        6.9707650992       12.2462780414
       15.3016527853        6.1507875602        9.1408076166
       18.0964066451        6.0914170145        6.5544525485
       18.7743698342        9.8063702573        6.1183699697
       18.4075520247       11.7304956888        2.8567474625
       26.4244102069       -5.9338800903      -11.3282072161
       26.4846937172       -5.8439394848       -7.5230991034
       23.3414861442       -3.7202538526       -7.2134651207
       22.5578162701       -0.2366516603       -8.5357798170
       25.3284457163       -0.3058293747      -11.1393834790
       28.4421723090       -0.8943643950       -9.0300447288
       -8.4690691538       -8.7755582293       10.8735395720
      -10.9606806967      -10.7311040426       12.9772522766
      -13.2972914578      -12.1346040970       15.6361518930
      -16.2588020544      -10.9302595527       13.5638280621
      -15.9674238805      -13.7826153885       11.0586605109
      -18.1924624774      -16.7451671145       10.1835638890
       -5.3772757812      -26.1368020109      -10.8710706106
       -5.9039407166      -25.6398473460      -14.6120634019
       -4.8939950954      -21.9771766003      -14.4086435922
       -3.5769535961      -21.0422470441      -10.9586235258
       -5.2028031867      -17.6396427328      -11.5058905005
       -6.7120092169      -17.2824283289       -8.0380993135
       -7.5591928361      -13.2412882128      -14.0221134110
       -4.2329416285      -11.7237337624      -15.0550507150
       -2.0502025363      -14.8285804915      -15.2617524343
       -4.5912989341      -17.2747799348      -16.6927661898
       -8.2936812515      -18.1199392842      -16.3852227011
       -9.8396157644      -21.5985709718      -16.4705051071
       15.0823152145      -18.7460757115      -12.9186303174
       17.2556853907      -15.6723151429      -12.3613077878
       14.7151221362      -12.9117351362      -13.0064390951
       12.3085317959      -14.6261675720      -15.4108422292
       12.8021504435      -17.5179615366      -17.8378316754
       12.5563761776      -21.3033360290      -17.4937355680
      -20.7552451379        4.8313336441       14.9007687422
      -17.6176655380        6.9752377607       15.1180604541
      -15.3171931191        7.3851007271       18.1179608164
      -16.6742774324        8.7174433927       21.4101532088
      -20.1188886351        9.1376094351       19.8399636802
      -22.2532614642        9.9385948087       16.7899736158
        4.7021848264       27.9807669963        4.7984128853
        5.6050284010       24.4859414535        6.0075743841
        6.4732164571       20.9479050973        4.8976396710
        9.1228619705       18.2656669945        5.4202279061
       11.5206662028       15.3086047853        5.3330941533
        9.2495363210       12.2563908723        5.4057905600
      -17.9938713784       -5.5459734022       -9.6614015950
      -16.4337699113       -3.4746328373      -12.4367005953
      -14.1925217620       -4.5209462638      -15.3235007661
      -16.1165631701       -3.7982947905      -18.5228753685
      -19.5792493735       -4.1381506313      -16.9825872468
      -21.6706544079       -1.3204365514      -18.4515607422
        7.5181603586        3.5708474444       17.3225893856
        8.0122824095        4.6587271648       13.7052521560
        4.5567546957        3.3766062664       12.7514949323
        2.3198467682        4.2257358055       15.7176115617
        3.7878206083        7.7236652480       16.0741167790
        7.0430314860        9.0477005704       17.5377025379
       -6.3757256557       -3.2059599613      -23.3406381561
       -9.2047617533       -0.9534513974      -22.1662830737
       -7.1446271712        2.0377356185      -21.0279544121
       -3.5326345395        1.2208361149      -21.9265901059
       -4.1525273237        3.0609594164      -25.2009394315
       -7.3993170057        1.7094120112      -26.6558966963
       21.2377552256      -22.4564662177        4.4972083256
       20.9282433421      -18.8420114560        5.6595235734
       19.5837510633      -15.3942652343        6.5473258601
       16.0723556463      -16.2540570386        5.3689016135
       13.3419559283      -18.8863607689        5.6940447672
       15.8249504022      -21.7595639089        5.9327782700
      -26.5953926052       -6.7531212330       -4.8724281306
      -25.1032677264       -9.6970966951       -6.7802564522
      -21.7346096405       -7.9295842872       -6.8765700522
      -22.6945163605       -4.3254296405       -7.6465196145
      -25.3163220971       -5.2763855854      -10.2406951577
      -22.7734294134       -6.6617571863      -12.7120135797
        4.2892076530       23.9056824302        0.6738881564
        0.9605403639       22.4698493089       -0.4656612686
       -2.3813109833       21.3519170311       -1.8804296770
       -3.9668550019       19.2051864229       -4.5880011222
       -6.4702528670       20.9580098976       -6.8627301364
       -8.1982950344       18.8458987988       -9.5110190973
       23.6333840787       18.1059805974        4.9215681938
       21.1316861301       17.0625188605        2.2416252989
       18.5695053282       19.3257769756        3.9184602226
       16.7253952910       16.5390489050        5.7473299977
       19.6670738119       14.9666295741        7.5791826096
       22.0706082021       13.0058153586        9.7868958518
      -19.1982138511      -18.2112573832       -4.5540278583
      -16.4713512261      -15.5987844316       -4.0703571029
      -15.2851712490      -15.4285310265       -7.6805075441
      -18.6725663165      -15.9916223280       -9.3210797277
      -18.1145850973      -19.6888023019      -10.0314669529
      -14.7940838783      -20.8536239513      -11.4847946060
      -13.2797787829      -10.8793898939       -5.2799201659
      -13.7856617245      -11.3912783760       -1.5418170773
      -11.4127043484      -10.9960574304        1.4065854501
      -12.2084741705      -13.7283649397        3.9332546267
      -12.9327783058      -16.0062299546        6.8917572916
      -13.9451364330      -19.5370472030        7.8850814121
      -10.3387133625       20.1686917074       18.2703211274
      -11.8059780331       22.6428218768       15.7721898418
      -11.5148099761       20.3072633891       12.7785309294
      -10.6183595315       17.9616468470        9.9151815515
      -10.7219969331       17.7851207860        6.1115216773
      -14.1333413705       17.0979986350        4.5531002029
       -3.5051785521       13.6821527227       17.9939148138
       -1.3830964401       15.7341725441       20.3909578350
       -1.3009424561       18.5770796706       17.8629755367
       -5.0669557992       18.8885468697       18.3184975012
       -4.8812361000       20.5427360075       21.7397516485
       -1.2071242722       21.2239716231       22.4781599545
       28.7371656060        7.0256627775        6.5367926910
       25.7583599843        8.9547316952        7.9153087164
       23.2426965022        6.7118122108        6.1427478526
       22.1432475189        7.6369525386        2.6147670444
       25.3444649461        9.6626012932        2.2167126048
       23.7587270601       12.5000115874        4.1997769652
        5.1732765049       19.8549934626      -13.3169455365
        6.1221525309       16.2802203297      -12.4172657629
        4.2460557050       12.9893973879      -12.0143611322
        2.8793860284        9.4718745309      -11.5032866996
       -0.1053336129        7.1133807788      -11.2908270696
       -2.7920588079        4.5447546316      -10.4561282620
        4.3289058391       -8.5055753576      -15.4361936770
        3.5894813137       -4.8894392228      -16.3536729834
        3.2861458849       -6.0475585207      -19.9618538679
        2.3908449851       -8.3059748951      -22.8936623794
       -1.1867205839       -7.8459836492      -24.1110468964
       -3.7935561605       -6.9105854881      -26.7232786170
       -7.0162016152       10.9913586223       26.4255673722
       -6.6326579746        7.5009850897       24.9536916442
       -8.0863450615        5.2173393985       22.2772590180
       -8.3907267926        1.4408746801       21.8859297267
       -8.5564647795        1.8550563693       18.1056420665
       -6.0534758607        3.7646290919       15.9664034533
      -14.9844785427       18.4385279078       -0.8672728621
      -14.8072997504       14.6453002536       -0.6659804623
      -14.8948489735       11.0199444619        0.4788632257
      -13.1812171579        8.4355262780        2.6768920009
      -14.4562971267       10.2302473058        5.7803121940
      -12.7014924585       12.9165921884        7.8231424729
       17.8453872915      -10.9033802794       21.5774889821
       17.8389619294      -12.7413369210       18.2456118916
       17.6125603625      -11.3537161288       14.7064489856
       18.7651525671      -14.7862479080       13.5298777925
       21.8895120748      -15.4344930136       11.4527215203
       21.8484262265      -11.9072658647       10.0263484728
       -9.7849881707       15.5775834893       24.4210743906
       -6.6691590317       15.1378298898       22.2807486014
       -8.6591637855       15.1290033062       19.0377702237
       -8.3880687212       12.1440306029       16.6922898387
       -8.6156798493        8.9266646891       14.6714263392
      -10.2001677489        7.1955797697       17.6665640133
      -14.1677040764       -0.5802765739       -2.2153300977
      -13.7937246773       -1.1341215959        1.5303533230
      -11.0084435376        0.2890168988        3.6896417110
       -9.2264871298       -3.0524833998        4.1134886819
      -10.4896484125       -6.5640518845        4.8517115609
      -14.1317600988       -5.4865527582        4.8428493200
       -8.6637782857       11.0900193412       -6.3939991635
       -8.7719392096       13.2792333994       -9.5045821181
       -5.6894384819       14.4410575723      -11.4225265094
       -4.2012777901       15.1602126240       -7.9871792912
       -2.3515787873       18.1820313458       -9.3804350924
        1.2762973911       17.4447015023      -10.2368771685
      -19.3186625046       -1.7148249408        2.4525476088
      -17.8068251045       -4.7835969191        0.7984804622
      -17.7679708934       -8.5825860726        0.7230182431
      -16.1849848652      -10.6621723103        3.4804292624
      -18.0729991773      -13.0645742247        5.7502060723
      -21.3942101228      -14.9115731786        5.9823424941
      -23.5347030586       -1.9462666825       -2.9267925488
      -19.7889343782       -2.2055266443       -3.5472383787
      -19.1534797556        1.3801122366       -2.4419057847
      -21.7563941016        2.3666945034        0.1498442650
      -25.5131536437        2.9035800995        0.3340504361
      -28.9170336297        1.2083581917        0.2240163596
       -9.6492831029       17.7607652509        0.5310121489
       -5.9073062010       17.0670080378        0.3055967650
       -5.9796022460       16.3317822407        4.0397730771
       -6.8739509249       12.6396990507        4.1602017132
      -10.4220503852       12.9240676315        2.8260985170
       -9.2946907999       12.5367780227       -0.7878885901
       14.0571004212       11.5466230193        8.8326015966
       16.9542403147       11.0977446766       11.2558820036
       15.8231728526       10.7791006137       14.8769814280
       13.5322229666       13.8041812570       14.5675661125
       13.7532805274       15.5900031227       17.9169126515
       17.2084926496       14.2239906619       18.7441625999
        6.4336488915        0.0768463122        8.9508756933
        3.8509286350       -2.5725120828        8.0786459324
        3.0178103395       -3.4104617056       11.6969150893
        1.0827278068       -0.1517753251       12.0446984426
       -1.5068637528        2.6395522512       12.0534850137
       -4.3816462232        0.1490617016       12.1357323344
       -1.7692843355       11.1698484619      -18.2752914172
       -1.5429696417       11.4838232895      -14.4859147614
       -0.8664430726       12.7546503030      -10.9623716161
        1.2869449634       12.8062757705       -7.8176475183
        0.2162955809       15.4489657320       -5.2888697071
       -0.4949575594       16.4072515275       -1.6788100679
       17.2744260494        8.6229505427       19.7664754970
       15.6283242197        6.0666708220       17.4800758181
       11.9068430779        6.8378697569       17.5235274385
       12.0654019350       10.5353249207       18.4259871972
       13.1738795365       11.3769997279       21.9695069613
       12.5932457702       14.8722991410       23.3621929068
       21.9529918638       -1.0449264802        5.3136341043
       21.1402745786        2.3961841621        3.9022090892
       19.6097020359        1.1521577528        0.6498099571
       17.4979782568       -1.4171650209        2.5139733637
       16.0637972298       -2.5696513761       -0.8169384055
       13.9929176474       -2.9744708631       -3.9814605625
       21.3867716778      -18.8916860513       -0.0299797508
       17.7592310865      -19.5826501607        0.9095945300
       14.7444319156      -17.2884948820        0.5638927581
       10.9494829643      -17.5094022698        0.6189963833
        7.5776620172      -18.0454812379       -1.0551025691
        6.4741064611      -17.1833033222       -4.5852905767
      -20.9675715585      -13.5899755667      -13.7572752699
      -20.8471320578      -11.3781995028      -10.6645845077
      -17.4463468655      -10.9213080329       -9.0129777120
      -15.6274883329      -12.7206431460      -11.8380328426
      -15.8971770240      -15.8258407475      -14.0214302769
      -14.3689523488      -18.2750646357      -16.5039766784
       -2.8110208322       26.7218455063       -1.9601024569
       -6.1233823940       25.2153766387       -3.0910035743
       -7.2754403418       21.8484982208       -1.7402630292
      -10.7193314881       21.2455352318       -3.2382054712
      -13.9000683470       23.3244937136       -2.9964517187
      -16.6509318010       25.9394102474       -2.7198001380
       15.5453203889       12.4992841287      -21.8331257755
       16.3165311893       15.3709708779      -19.4616526574
       15.3515667595       13.3290272934      -16.3981110028
       17.8297624789       11.0242868673      -14.6479673642
       17.9140088263        9.0710501760      -17.9217603729
       20.5916936359       11.4151541631      -19.2745753705
       -1.7885116846       -1.8605320018      -26.2215812111
        0.8006477670        0.8431718126      -26.8969029744
        1.5121548561        1.4003179585      -23.1935460542
        3.8026056197        4.2327838812      -24.3127413589
        5.1043313476        4.9304564520      -20.8135627996
        7.3468055469        7.6570047643      -19.3923836963
       -6.8978089116       -3.7876816060        8.9938562935
       -5.2834276503       -6.1674922842        6.5040233917
       -2.4845777506       -7.8770455501        4.5751723137
       -1.2519449387       -7.8864209166        0.9751643787
        0.6729212046       -6.1988986519       -1.8406817187
       -0.4692308975       -8.9168141336       -4.2471360910
       -6.6417573953       27.2472507307        3.0476143030
       -4.6826786199       24.0401954485        2.4427704207
       -7.1145855397       21.3112157226        3.4896832374
       -8.9355945437       22.9071267041        6.4234289060
       -7.8574011371       25.9188348873        8.4894996854
      -10.8328128369       25.3035781929       10.7888490592
      -13.6562598270        4.4861159768        6.2860078381
      -10.0134644783        5.2065488853        5.4759513665
       -9.2163340757        8.8168625559        6.3708921949
       -7.5905640773       10.1720280272        9.5376951143
       -7.3698937642       13.9582182698        9.2706904216
       -3.7049394941       14.0118012803        8.2627721843
      -23.0537575688       -0.1906316779       14.2555780788
      -19.7224944975       -1.9897978199       14.6293270905
      -16.9149086489       -3.2665166464       16.8587636828
      -17.8808489122       -1.6840573244       20.1823584643
      -16.9053582083       -1.4845454422       23.8533608274
      -16.0208589764       -4.8359917354       25.4294610777
        9.8160530752      -26.7262065479       -1.3980998063
        8.2045155725      -23.3291327959       -1.9829490010
        8.7162525643      -21.7965249253       -5.4241764846
       10.3135251895      -19.4654616696       -7.9752492714
       12.2175843462      -22.3567267311       -9.5587484127
       11.2165959602      -24.4614796111      -12.5721629602
      -11.8339218524      -13.4544313973      -17.5805005793
      -10.1101556015      -14.5857883429      -20.7825663084
       -6.7384062098      -13.5179692272      -19.3766953369
       -2.9966828033      -13.6212328212      -20.0528680585
       -0.3598444619      -13.1415255968      -22.7522602463
        1.5365096603      -12.8111661225      -26.0358809988
       24.3255167327       13.7549532367       -5.3664466179
       23.6618540137       13.2286275395       -1.6540232569
       21.6109870457       10.0372651971       -1.9657970957
       21.1795288058        9.2985958864       -5.6809395193
       24.7769098897        8.2887735993       -6.3890078644
       26.7067589292        8.3989397486       -3.1117071422
       -7.3158430967      -14.5246865762        1.7540882311
       -7.5823347155      -16.6410189326        4.9033797594
       -4.7833826019      -18.9776532773        5.9900622567
       -4.2857993806      -21.9290468980        3.6459939669
       -5.3787289436      -25.1159889553        5.4117397834
       -3.0483760085      -27.3547086695        3.4000213333
        0.2647210002        5.4962630385        5.4403046857
        1.8664783569        2.8145629524        7.6169274147
        3.5770274934        1.3551939099        4.5455478471
        6.0134039531        4.2826915421        4.4270708179
        6.4878466138        5.4918935831        8.0115977812
        9.7225047156        7.4877818559        8.0738210355
      -24.6772982812      -14.9429663980        1.1461916571
      -21.3530011622      -16.5790360914        0.2732715067
      -19.2429083888      -13.4159247740        0.0964944950
      -16.1536137871      -15.3180572726        1.2496276064
      -17.1493101297      -18.0826247881        3.6625406859
      -19.6326740776      -20.2920511435        5.5138051203
       -1.9785766012       23.7720415956       17.3726178767
        1.3068324424       23.7081835767       15.4449552257
        1.4463938299       20.1654246867       14.0466379462
       -2.1875670114       20.5832705712       12.9854349181
       -3.6843898775       17.0978035949       13.2298734665
       -7.3842885001       16.8104630546       14.0466736114
       -7.9725197753      -11.2491307612        6.0436352907
       -4.6031167213      -11.6077485566        7.7701738392
       -2.8910005117      -14.3256277037        5.7348953981
       -2.5837937213      -12.5165521186        2.4011106623
       -0.3634369390      -13.3066408206       -0.5923495974
        1.2739030265      -16.5621906958       -1.7003629262
      -12.3334302915       -4.6813909231       10.2397243181
      -14.7412015093       -5.9577104448       12.8940815917
      -12.1382585562       -6.4281117486       15.6229711275
       -9.9639475538       -8.5676417184       17.8950955958
       -6.6621417935       -7.8835437729       16.1264180297
       -7.4011675222       -4.5673454013       14.4110638690
       17.9926430428       -5.0839361326       23.1408154674
       14.6114880168       -6.4949925318       22.1094606873
       14.4333722233       -4.2348364853       19.0520537157
       15.6184334683       -0.6234463084       19.3173894352
       19.2462620759       -0.3206729436       20.4303640517
       19.7779832435        3.4496654011       20.4294732260
       -5.7296406211        7.3699421146      -28.4728967812
       -5.0996106404       10.7115220765      -26.7576988000
       -3.8180727969        9.0809960767      -23.5658938370
       -4.1590351215        6.2929440456      -20.9940135698
       -0.3716457643        5.9499522081      -21.0579346632
        1.6697760207        9.0294327086      -21.9775345976
       23.2000369445      -12.0999717549       -9.6855587113
       21.8322419160       -8.6163785057       -8.9704990007
       22.7878511550       -9.0622290080       -5.3118519500
       22.8720707930      -12.7064545168       -4.2226294359
       24.1284723836      -13.6112772655       -0.7454077255
       25.9368350970      -10.2820417949       -0.3421865029
       -1.7714563892        4.8080065689       29.3864340760
       -1.3234470222        7.7998969659       27.0719331151
       -1.5636367063        7.7169399083       23.2737091139
       -2.9205487024       11.2642353371       23.0058718234
       -1.3065545237       13.4385876270       25.6785936430
       -2.8805756995       16.8975277671       25.9157427441
       19.0645897184       -5.4551944307       -4.3628223668
       16.9556229566       -6.3631157578       -7.4042542137
       18.7702309333       -3.5910700506       -9.2765805576
       21.3642656833       -4.1619973474      -12.0018963865
       23.1066824883       -3.2765926734      -15.2685740801
       21.4988313943       -2.1780219776      -18.5384515446
      -24.8766908655       -9.2901213049       13.3801200499
      -24.8404759780       -5.5848572076       14.2581929408
      -22.8341536600       -4.7114522600       11.1420361864
      -19.9651755425       -6.9354910203       12.2832922674
      -19.7609404797       -7.7867180937       15.9830182912
      -22.0820964217       -9.5948274923       18.3969802214
        0.7816397423      -23.3627324631        2.4311685391
        3.2496916865      -21.2697616473        0.4199182667
        1.8849238288      -22.5050448050       -2.9122112813
        4.0757166748      -23.8421417013       -5.7259877517
        6.1260849590      -27.0446300071       -5.6317147867
        9.5888885725      -26.8263938434       -7.1996589807
      -12.6495115770       26.6331309069        5.3750161624
      -12.8435971804       27.3568762166        1.6392353445
      -10.4468764634       24.5009848619        0.8773646827
      -12.2714652811       21.7356246878        2.7385120389
      -15.9314661875       22.7626669501        2.8119814504
      -19.0433097641       22.1412803882        0.7143925213
        4.3920763134        5.2881021131      -29.4832689499
        7.5104222615        6.9210330328      -28.0323860484
        6.1823095213        8.5863120074      -24.8746927576
        3.4245638449       10.2736083161      -26.8851802466
        0.1391322425        9.7316669928      -28.7314535884
       -0.3342210261        6.5303430518      -26.7283384626
       20.0763660045       15.9498809592      -15.4268669094
       17.0343198175       17.6961328732      -13.9399630311
       16.1695507267       14.8800696571      -11.5268104101
       14.1770048505       11.6839104544      -10.9878108195
       16.8501386459        9.4374442309       -9.4741241252
       16.4200122489        6.0391490571       -7.8211456647
      -17.7088079296       -8.5895229956      -14.3228892425
      -16.8964451316      -11.0486787964      -17.1109793076
      -14.3846725645       -8.5614319628      -18.5287092385
      -13.8798355541      -10.5903410223      -21.7071278809
      -11.4140838377      -10.5019225740      -24.6039882925
       -9.3086129272       -7.4301560534      -25.3873535940
        2.9857400133       10.2167504472       24.0830176676
        4.0088516733        7.3100438067       21.8459435869
        6.7532733184        4.8073052402       22.6888733316
        9.6590781808        7.1590721831       21.9736664845
        9.9092983337        8.1083305070       25.6537982494
       10.2650415660        4.4730578063       26.7294832498
       10.5238955453       14.8168248513       -8.2831842880
        7.0156528300       13.5010027360       -7.6077815858
        5.1973711145       16.7856472100       -6.9701036631
        7.6641992646       19.3119262653       -8.3876442903
        8.8569657847       22.8692101339       -9.0217363487
       12.6322591063       22.8727134771       -8.5040900992
      -13.2498927642       -1.3062293577      -25.8900986661
      -15.0918620192       -0.4299323741      -22.6735838056
      -16.9599331898        1.0157755876      -19.6896516537
      -16.9534147758        0.6413317578      -15.9047510370
      -19.8388382633        3.0574475354      -15.3139756287
      -21.3251251330        4.3407697779      -18.5740802745
        8.8836008717      -23.8280950779       14.2892376487
        7.1866162650      -23.0352507627       10.9731361264
        3.9988484358      -21.1205400839       10.1672744083
        3.6436576410      -17.7380352988       11.8900407365
        5.7043556558      -19.1394617437       14.7653411239
        5.8618826321      -20.2548228371       18.3997746104
       17.1938077643        1.0118517184      -17.1503508786
       13.4564843163        0.3029312569      -17.2652219089
       12.4285859910        0.1589826582      -20.9250866651
       10.0331707150        3.0379389671      -20.2394926846
        9.8704913722        4.5120599737      -23.7423343455
       13.5016623979        3.8148719547      -24.6515241296
       10.4238304503       -5.4980466072      -27.0933607060
       10.0578496462       -3.6462744594      -23.7861451139
        6.4575335914       -4.8534449823      -23.5383161053
        3.0189834945       -3.3323523020      -24.1367352586
        2.7990972325       -4.9722278588      -27.5628768050
        1.2824835582       -8.0827541677      -29.1518974549
       -3.3715992152       22.4400290767        7.5542864008
       -5.4599509979       19.3555615529        8.3443394130
       -6.9684393445       21.4010507492       11.1731239288
       -6.6035666712       22.1655192663       14.8795304439
       -6.3975229550       25.9157242402       14.2604163268
       -3.2660507684       25.7121435298       12.1022469636
        0.2199693151      -21.2930261261       18.9513570427
        0.5658578318      -18.2491655676       16.6931685061
       -1.1696806881      -16.9964494946       13.5474710515
       -1.2336672102      -19.0613377211       10.3437012084
       -0.8215215614      -22.0186939654        7.9772140288
       -1.3988310007      -25.3864771218        9.6552636655
       17.8591217598       -7.0314582438        1.6259235527
       20.5211898062       -9.0170023150       -0.2293345752
       18.4661999308      -10.6069289124       -3.0120121528
       15.0353175095       -8.9691512450       -3.1558033387
       12.8409033374       -7.2305190510       -0.5788992497
       11.4378792613       -8.9255336928        2.5186812522
       -0.6532852388       15.7601968930        3.8235500677
       -1.6487807314       19.3918006601        3.2798162069
        1.4641360605       20.9315943131        4.8398761621
        0.4341427292       24.5785644709        4.5060686617
       -0.8838049303       28.0361281139        3.6112671572
       -2.7740828380       28.1725097768        6.9171818144
      -28.3559396808      -12.3992075371       -2.9245652567
      -26.6508262294      -10.0032532132       -0.5065834954
      -23.1819808756      -10.6585881793       -1.9373744695
      -21.9507158595       -7.0562701536       -1.9821779382
      -22.7437236177       -6.8342219310        1.7306781939
      -22.2327427974      -10.2723823278        3.2662758747
       11.4287774113        2.2118256895        9.7457973646
       10.8331952226        2.4616864206        5.9951179466
       12.7245219067       -0.8023345303        5.5102215299
       13.2644242554       -3.9391525682        3.4406342112
       14.7444608359       -5.8969503463        6.3341236682
       18.3620405156       -4.8214832946        6.8011787703
      -20.2667487717       14.2577870299      -13.5559042069
      -22.2726569018       12.1239559685      -11.1198517175
      -19.2300587293       11.5123052824       -8.9174687221
      -17.4193631317        9.8508610717       -6.0124223966
      -13.9209456403       10.4649324284       -4.6472962825
      -11.6784593698        8.1342779883       -2.6369070290
       11.1401945259        5.3773776169      -15.5997146066
       13.0103556521        8.6705419687      -15.2777951159
       10.9277119806       11.0079811194      -17.4329161436
       10.8693503924       14.3374181423      -19.2670953715
       11.1250273082       16.0581011313      -22.6498120194
        8.4506869869       18.7682506635      -22.5932262439
       -2.2637275189       25.5105891124      -20.4302280944
        0.3368025052       25.0258435481      -17.6918931404
       -1.1423963651       21.8168423039      -16.2786960260
        0.0767659117       21.8008368564      -12.6773834993
        0.4948386372       25.5426018673      -12.1401350611
        4.1201037460       25.3483729180      -13.2950064312
       13.1795373868       -3.9052900512       27.0064778093
       13.8551900561       -1.2467065071       24.3631055502
       10.9966749998       -2.6033959616       22.2456047169
       10.5135263325       -0.7781301572       18.9405689008
       11.4855511303        2.4024600176       20.7996928991
       14.3112066220        4.2572403946       22.5495162773
       -1.1525359966      -18.4898682440      -24.2644295533
       -0.7618196745      -18.3709437030      -20.4808053682
        1.6178988307      -16.1083668972      -18.5584522771
        1.7796480870      -12.3885665883      -17.7926612164
       -0.4268712397       -9.3317989311      -18.3173469940
       -1.6753219820       -6.6532448733      -15.9168481584
        4.4332245038      -16.6562402014      -23.0230815848
        5.3015218265      -13.1462319019      -21.8276764639
        6.6807138937       -9.8359306318      -20.5605418386
        9.7252486793       -8.7635287800      -22.5787277510
        9.4162454023      -11.2422978632      -25.4474327249
        6.1780345903       -9.5055040149      -26.4502028355
       -1.9159526836       27.1654027324       -7.4459460757
       -1.5544994829       23.3894768033       -7.1175702864
        1.0166500601       20.8768723985       -5.8563070089
        3.3625971364       21.9912902498       -8.6443407936
        4.0372660192       25.6061169030       -7.6661473849
        2.5816020345       26.1407635886       -4.1929071938
      -11.1161124748        0.6758275160        9.3826941680
       -9.7404738393        0.2535375542       12.9049911495
      -12.0914923197       -1.5101707120       15.3233034650
      -14.9203715976       -0.5757076021       12.9551260541
      -16.9952568230        2.3032863530       11.5890831588
      -17.5383147863        5.6764250697        9.9138793715
      -12.6015061372       17.0171967785      -18.8171937684
      -11.1647260113       13.5819806927      -18.0339100514
      -10.9064770405       12.9713553539      -14.2874317299
       -9.4896948577       16.4921095777      -14.0080990408
      -10.2940700001       20.1333212533      -14.7455293248
      -10.1165468995       23.3646361018      -12.7469780403
        1.6200406936       15.9958825329      -15.7068678027
       -1.9029913729       16.9474269197      -14.6292420328
       -4.9806743564       19.0710609467      -13.9227874775
       -4.8233393642       22.2962857369      -11.9034925392
       -4.8587382942       25.1209439491      -14.4550979147
       -6.2576009396       23.0333981386      -17.3195636307
        0.3968231751       -6.7891945446       27.3505388488
       -3.0556655893       -6.6080900120       25.7510680959
       -1.5019749531       -6.1246797835       22.3120473715
       -2.7936977300       -4.9201053295       18.9381697348
       -4.2205706696       -1.5914769230       17.7538681183
       -0.8234513755       -0.0671408552       16.9787630237
       -7.6241806657        4.8018127026      -13.5112823860
       -8.4582727989        5.6632808915      -17.1276337628
      -11.2450630745        8.1807267294      -16.4958446286
      -12.3347586989        8.5422959707      -20.1241221167
      -13.5095347852        9.6774184996      -23.5656243959
      -14.8765682449       12.9530167322      -22.1864377635
        4.2093099224       -2.3604953941       -0.2275955800
        5.5810839604        1.1850657046       -0.2055447889
        9.0979322236        2.1144420626        0.9139381252
       12.7556238626        1.0638494927        0.8620145381
       15.1745305934        3.3036843974        2.7696311644
       17.3397695373        6.0175306269        1.2117283580
      -24.1124764189      -15.6665683121       -8.7149277166
      -23.8176642614      -15.0981810489       -4.9582388191
      -20.7199782656      -12.9866451400       -5.6162038078
      -18.4556923063      -10.4267698517       -3.9505121513
      -16.9996315179       -6.9357912856       -4.3650893936
      -14.0688487602       -4.9274985938       -5.7304849470
       11.4779174555        7.0537592862      -10.2207813251
        7.9627750570        8.3964363920       -9.6172144180
        7.5529997006        8.9084843600      -13.3776059158
        9.4830366403       12.1327923683      -12.7463803190
       11.2342535134       15.2866074291      -13.9558134126
       11.6859116575       18.5862143759      -12.1107320493
       -8.4922152897      -29.1254415319        2.9610116056
      -10.7539904228      -26.2416592777        1.9343823575
       -8.6122953993      -23.1764484094        1.2329897038
       -7.3807942851      -19.7257184723        0.2089319977
       -7.2679410522      -20.6514182680       -3.4810644890
       -5.6489568380      -22.7244892117       -6.2298094091
       -5.0853890452        8.4101104588       19.1603126191
       -1.5465837153        7.7715070149       17.9201540082
        0.5350745056       10.5978517661       19.3867461486
        3.5707409241       12.8299176601       18.8710219196
        3.6540054681       15.2438780456       21.8144561077
        2.6915632055       17.6197776249       24.6259835498
        2.3048006274        5.8799022336        0.0938432210
        1.5816303057        3.9460820066       -3.1083949108
       -0.5400948184        5.6465752286       -5.7707299709
        2.4331072404        7.7715518288       -6.8325790672
        3.6808523807        9.8723112849       -3.9222775881
        4.3833669256       13.4078191733       -2.7038403943
        8.9115388169      -16.1512189922       21.2734968420
        8.2882912424      -15.1027410885       17.6678299442
        4.5075463588      -14.7152530338       17.4413786808
        1.9454690144      -13.2173155300       15.0600376403
       -1.3431332002      -11.3035417302       14.8997597748
       -4.6682090290      -12.2483629144       13.3174686049
      -28.0404772528       11.9113292431       -0.5358266658
      -25.4915146760       13.4939753924        1.8088916274
      -22.3431148339       11.6437641473        0.7340932600
      -19.3775145962       11.9200329442       -1.6393234070
      -21.8739300986       12.2973988168       -4.4878191676
      -24.4822121936       14.9240687206       -3.6164769867
       -7.4990252862        4.8523707554       10.4611836929
       -4.6389138777        5.7559242434        8.1180829997
       -4.1309704615        8.8924691294        6.0282760940
       -0.8407691845       10.6883790994        5.4005183558
        0.4504831142       10.3882827897        8.9673387751
        1.4271119188        7.2435828282       10.8738857007
       19.4396370729       -7.1829928431       11.7578148775
       16.8180800537       -9.2542097024        9.9476511478
       16.4073065710      -13.0020106758        9.4970926917
       15.0903760651      -16.4632558541       10.3556704751
       17.8169540801      -19.1158236982       10.4124818413
       16.9280672213      -19.8340962908       14.0489646433
       15.0504355302       -1.7402392370      -25.3120279528
       17.4387897154       -0.9475254246      -22.4553796908
       16.2873062701       -3.4591699418      -19.8353529056
       13.5470625374       -6.0184021644      -20.4612359104
       14.8075453567       -7.1877440921      -23.8555360757
       14.7537607966      -10.8622348954      -22.8618454809
       15.1849317207       23.2843960798        1.8193087568
       13.5076363416       20.3441914166        3.5569933252
       11.4337359123       18.4448783159        0.9957592232
        8.4410382182       20.6687798642        0.2455272012
        9.6542223997       23.8501471839        1.9458691886
        9.2050735893       27.5896757970        1.4070098442
        4.9073403644       -3.7153896391       28.7037458643
        7.4649713850       -4.1133692207       25.9117573456
        8.7550745361       -0.5600568511       26.3651405762
        5.4336653368        1.2991789740       26.5279572714
        2.4792857409        3.6032243496       25.8219008471
        4.4447697706        6.3203950607       27.6339371944
      -28.0439482258        6.7447806561       -2.8044379443
      -24.4178216697        7.8072265862       -2.3431479401
      -20.6955834242        7.0135083268       -2.2568797967
      -16.9128396315        6.9727480568       -1.8290124656
      -15.3331163874        4.5248863333       -4.2856704186
      -18.4503287038        4.8110664128       -6.4432267945
        6.3266949053       22.9068965196       19.7386384523
        3.6082342287       20.2782469848       19.2914747402
        4.8285577758       17.3940486863       17.1315205477
        6.1513098805       18.1474041942       13.6471555968
        6.4724053142       21.8729390195       14.3711445493
        6.7277798926       24.9767643854       12.1811971187
        6.3612631803       -9.8546901180       16.3822297347
        9.7289982601      -10.5331762258       14.7568290929
       12.8011135910      -11.4555200931       12.7170055732
       13.5960475419      -14.4942368795       14.8640449917
       13.7791671493      -16.9582244726       17.7585012241
       11.5724347924      -20.0562409478       17.9465322072
       19.0481643497       -6.8004117192       17.6891875553
       18.6054563111       -3.4969953765       15.8477493607
       18.1561006101       -2.1222796657       12.3264079458
       15.3909226513       -1.6629363179        9.7534477658
       17.1387499628        0.9667058446        7.6315241565
       20.1222844788        2.2051056576        9.6414558212
       -1.5948810898      -18.8826902843       -6.3473190749
        2.1434994092      -19.1460530217       -6.9762018312
        5.2015265093      -19.6595661048       -9.1901206487
        6.8270692200      -23.0331171420       -9.8583182897
        5.5906769739      -26.2823551514      -11.4034904256
        2.6650428177      -28.1013646006       -9.7772490773
       -8.3798158042      -20.7208763727       14.6760881186
       -6.3169510536      -17.7051203133       13.6003877793
       -5.3534761236      -16.3092824076       10.1893979227
       -8.7417085160      -14.5802689303       10.0167885933
      -11.3200359522      -16.2030283097       12.3006149727
      -13.8517914772      -18.7465641757       13.5677501455
      -14.4487023826       21.3985635645        8.3015671458
      -15.8276525998       18.2906925551       10.0320494317
      -16.0692871272       14.8204992812       11.5858825497
      -16.8662463869       11.1585876193       10.8779488347
      -20.5563941151       11.9623290806       11.3579124504
      -22.3317643198        8.5988084016       11.2439944597
       25.8230180142        2.1598007461        7.5606189909
       25.3400322380       -0.0771499522       10.6037331125
       22.6981447641       -2.7997418351       10.2671294277
       23.4165758372       -4.1755305317       13.7445343318
       24.7998674467       -7.6548789345       13.0476661896
       22.8897044397      -10.1347861172       15.2211606030
       16.7182580672       19.2811313226       14.8765497829
       18.1957275880       16.1281177272       13.3285138913
       15.4464341493       16.3166740660       10.6985903784
       13.1195571916       18.7639564190        8.9518784957
       15.8429964128       21.3908663251        8.5412568593
       19.3369431830       20.1342186643        9.3746927425
       18.8370224810      -21.5793240063       -4.4222740560
       17.3292109646      -21.0654611812       -7.8817691813
       15.3419656797      -17.8205452809       -7.7633232515
       13.0737592397      -14.9066204460       -8.6741370526
       13.8371823051      -11.2323358346       -8.0030720650
       17.5664227415      -11.9798081070       -8.1267117248
       22.3984890768        6.4359160384      -15.7540381787
       22.2894505536        2.6615081943      -15.2413652717
       20.1231412663        0.6574342597      -12.8357294136
       17.6683430089        1.3212533784      -10.0035155877
       15.0169744791        2.8511523791      -12.2685172494
       17.3292733254        5.5440392604      -13.6347886759
        6.8200564484      -11.1497913013        5.1768441588
        5.7873270550      -13.3407324883        8.1172731072
        5.8988237108      -13.1060817503       11.9146112541
        8.9103149266      -15.3709059890       12.4422683746
       10.8641933480      -18.6278593371       12.6720028401
       12.6233355907      -21.3882287645       10.7296871317
       -7.7501451920        5.4916724459       -6.7163582643
       -9.6147081037        3.3679203295       -4.1584841201
       -9.6452014150        3.5552803348       -0.3528848256
      -13.2974392248        3.9712449985        0.6382796080
      -16.8208708435        3.4333730851        1.9848238864
      -19.1352126902        3.3689586882        5.0086629150
       -6.5579377284        0.9184512634        6.3777691529
       -2.7862256320        0.5824543888        6.6308766909
       -1.6250592800       -2.5191254593        8.4990605702
       -0.1742380031       -6.0291038164        8.6488496858
       -2.6977729971       -7.4347362487       11.1287645880
       -1.8893061789       -4.6354664565       13.5750551963
       -3.7766558557      -12.3248325412      -27.6925909896
       -5.6920064462      -11.7784097516      -24.4429911649
       -5.6645593195      -15.5543517068      -23.9546228520
       -6.0875521986      -18.3080966665      -21.3648453129
       -5.2972830778      -21.7109413656      -19.8495360328
       -2.1771302129      -23.6322606399      -18.8149230091
       -7.8164963199       17.7671236770      -22.3136340839
       -6.9212256881       17.3518575301      -18.6382860277
       -5.8481581033       14.2939701160      -16.6460613780
       -6.7219217844       10.6493296522      -15.9727406733
       -7.2108854842       10.3355992862      -19.7373559971
       -8.6848282698       12.1514184178      -22.7394580487
       21.1692549888       10.7875863972       15.1721639323
       20.9896966234        7.0838168154       16.0479944520
       18.6293387617        6.4174712109       13.1371773957
       21.0792019836        7.6896106814       10.5236626976
       23.9387152851        5.4900990230       11.7437565981
       27.7130476455        5.1328046514       12.0839143289
        2.1962644194      -25.6090366800      -15.8620750996
       -0.4215180416      -24.9726739469      -13.1728415717
        1.4438933643      -22.9473306117      -10.5452096066
       -0.6717463502      -24.0711229542       -7.5879687353
       -0.3108596552      -26.8818036899       -5.0414534087
       -3.4648166327      -28.6086413142       -6.2940729998
       -5.4848484135       -7.9678340844      -20.2318694343
       -9.1664729294       -8.7501770958      -19.6660776048
      -10.4110384093       -5.2734048622      -18.7293505913
      -12.5608295351       -5.1615387613      -21.8678860193
      -15.8534446499       -6.0070310236      -23.5794214566
      -18.6630201355       -7.5676740341      -21.5359635033
        1.4765840685       -9.0124154363       18.8893715419
        2.2954895507       -5.9226717948       16.8240727951
        2.2651870014       -3.7586151995       19.9505290136
        3.6287222831       -6.0300078736       22.6888606392
        5.0313576807       -9.0147394837       24.5935280336
        5.4143662264      -11.6213719486       21.8409998565
       24.6098194781        2.7639670776       16.8243348891
       21.8777877470        1.0148876709       14.8342638416
       18.2480270693        1.8772537984       15.5681873053
       15.7775567244        2.4244414866       12.7305686650
       12.8289154034        2.0100607267       15.1061981350
       13.3065412985       -1.7262058944       14.5772465169
       -8.2889100936       16.3347387337       -4.6265502871
      -11.9798451347       15.7227077154       -5.2771088125
      -13.9626065241       18.8272368044       -6.2251184078
      -12.3489479797       21.7174596270       -8.1028399599
      -10.4672556842       24.9049295121       -7.2030661218
       -7.2374975686       26.1325570560       -8.8064717800
      -19.6315978718       14.8117386678       16.0820371903
      -16.7896159140       12.2842477280       16.2422667243
      -13.6390296976       10.7407808009       14.7607160772
      -11.4336223454       13.1883986705       12.8486407372
      -12.5133355191       15.8188294082       15.3797684346
      -15.3810342832       18.2601882185       15.9241549653
       -5.3938161079        9.2360313254      -10.9792378646
       -3.5775614315        9.6290371623       -7.6576705914
       -1.6708251937       10.5136729070       -4.4905894261
       -4.3115496916       12.9207148676       -3.1720402147
       -3.3424370357       11.9668692865        0.3889345136
        0.3772737862       11.1583171495        0.3933315164
       12.3429078025      -11.7936771386       23.4049949002
       12.3744800142      -11.8596183309       19.5991027217
       13.9628307681       -9.0992905886       17.5218771735
       14.7785124153       -6.9620396313       14.4855321440
       12.5553406995       -6.1198032283       11.5207747366
       10.4886845583       -3.6100610435        9.5482100406
      -15.9029628122      -25.3923811047       -0.4441549245
      -18.1489089087      -22.3598961020        0.0826566470
      -15.5166018628      -19.9032369546       -1.1482835530
      -12.2221137175      -21.6414716405       -1.9228164342
      -11.1072414446      -24.8565131370       -3.6250042756
       -9.4725873435      -26.6152675773       -6.5816813800
      -12.6079704371       -6.0828782243       -0.4226210955
       -9.7838673818       -7.0481184786       -2.7732289986
       -9.1673182490       -7.0695224138       -6.5260740109
       -5.4371439922       -7.7788040968       -6.2379637460
       -3.5303710825       -4.5608791430       -5.4935985539
       -4.6632991068       -4.8602734081       -1.8792785461
        4.8961922689       -8.7198192502       -5.5062711148
        5.0148224692       -4.9302757223       -5.1736292573
        1.6644623831       -4.3845701369       -6.8980966483
        0.9681138556       -1.3996804309       -4.6340032405
       -0.9464866858       -0.8391485944       -1.3940960653
       -0.8409958000        1.6429832538        1.4877404282
      -12.0889058204       -9.3204479534      -13.8575434498
      -13.0422177220       -8.1224570824      -10.3744075461
      -11.5002904825       -4.6460110562      -10.4424915279
       -9.5371531558       -4.4154656607      -13.6966958998
       -7.1501649017       -7.1863546946      -14.7405650871
       -7.2457923854       -8.5465852300      -11.1855351436
       -6.6416156460       -8.6582853381        1.4782205281
       -5.3439803641      -10.3954711718       -1.6453885707
       -8.5092730082      -12.0477272321       -2.9642134756
       -8.2901482941      -12.0692518682       -6.7670249070
      -10.6607288834      -13.1969542591       -9.5230112152
      -11.2240889942      -16.5810656682      -11.1733010687
       17.5968083937        7.6252416722      -23.5243268452
       18.1368051944        4.5828423967      -21.2996419429
       14.7882897876        4.9348839191      -19.5203899114
       12.7758108110        7.8848654590      -20.8162425907
       10.7359708244       10.2750029359      -22.9651807129
       12.5832259562        9.2086622395      -26.1182126561
        2.1015708918      -13.5241466704       -6.0857304147
        4.1019967887      -14.4380060673       -9.1833441949
        3.3474147236      -13.3765421571      -12.7605437941
        0.4311260684      -10.9507739053      -13.0250219321
        1.1169700657       -9.3601035729       -9.6389978249
       -1.9759626879       -7.2039753662      -10.1648659829
       -5.9456965585       -2.4520895751      -17.8729730566
       -8.6701513093       -0.1407487231      -16.5568476942
      -12.2083064604       -0.4817637514      -17.9363506693
      -12.1608667836        2.9303903646      -19.6328645058
      -11.7046972491        4.0804107201      -23.2335616725
       -8.7589802885        6.4564164671      -23.6556750335
       12.7872025961       19.2456418121      -17.8103652700
        9.0414384998       19.3685663645      -17.1497348255
        6.5631390989       16.5995798621      -17.9679260438
        6.4785477835       13.0592295677      -16.5879455099
        3.5324250162       10.6675035350      -16.7662634024
        2.5736135425        7.0306537284      -16.2248659900
       28.5007464478      -10.2963279207        4.8481599881
       26.4613448843       -9.0100367605        7.7961192399
       23.1095437782       -7.2059955329        7.7611599849
       22.6494930577       -6.3932371842        4.0723042968
       26.2207583564       -5.4925782695        3.1287151443
       26.8693902580       -3.4449943299        6.2717551298
      -11.4350664470        3.6677095800       26.2333078906
      -14.7290454006        3.7273133592       24.3228551831
      -12.9220762310        3.9050649693       20.9786725485
      -13.1806311573        0.1829187570       20.2197672319
      -12.9079739272       -3.6143934278       20.1535581422
       -9.1425685754       -3.5415506305       19.6106585126
        9.2297263093       -7.5505158501       21.2725208346
        7.4172017535       -5.1057190011       18.9919824617
       10.1612471441       -5.5555707977       16.3930576998
        7.5065345414       -5.2240494962       13.6742140516
        7.8439260564       -1.4387075532       14.0022097598
        4.6783653245       -0.9560810021       16.0487954518
      -18.3570398679      -15.4918813035       15.7630218279
      -20.9692916416      -13.3084293522       14.0516171244
      -20.7467258655      -11.7047757217       10.6035128848
      -22.6116594756       -9.1459457999        8.4890831775
      -25.5442723287      -11.5234818574        8.0013211082
      -27.5626427664      -10.2660678154        5.0270722420
       12.5176073915        1.8654223885       -7.3948972982
       10.6408915720        1.3806303713       -4.1175221369
        8.9225634731       -1.8297923900       -3.0089374336
        9.4482098533       -2.9508341761        0.5840109482
        7.8506547172       -2.0716343303        3.9287086569
        8.1353615573       -5.6549274336        5.1730990252
       12.0120571537       24.9809355452       -3.0113780069
        8.2547062127       24.7045608754       -3.5859516633
        5.9293946407       21.7577090124       -4.2230273224
        4.2803931486       18.8213175046       -2.4572213824
        3.9473404967       17.8976158548        1.2165550604
        6.8928129760       15.5251314315        1.6253917311
        9.1492751665      -19.7061966593      -21.8437195395
       10.1818640104      -16.1359527858      -22.6799384763
       10.7089270830      -13.2218311612      -20.2876523143
       11.4504240331      -10.1991839604      -18.0968483126
       15.1523390331       -9.9815123274      -17.2661729264
       16.7479541564      -13.3278036889      -18.1285421353
       -1.8981822024      -26.8740728712       15.2779273828
       -4.1566787465      -24.2849005702       16.9267135853
       -2.9933782531      -21.6889866864       14.3992302207
        0.6521907692      -22.3823690321       13.5654405036
        3.3837136524      -24.3717404551       15.3111388279
        3.4097644166      -26.9594883162       12.5178671182
      -10.8484576008      -24.9270208502      -11.9266789528
       -9.0185746445      -21.7864756008      -10.7950592137
      -10.8821362879      -21.1563684066       -7.5355439802
      -14.3050354122      -20.1385347116       -6.2188788569
      -16.5684455013      -23.1015411002       -5.4683017692
      -14.8112546100      -25.3314437412       -8.0021350983
       11.4589024875      -13.9944118842        4.3281311969
       11.2891313336      -13.7034275263        8.1107704959
       11.7150894363       -9.9310932005        7.8609515456
        8.5995718856       -9.1045578297        9.8847296026
        5.0880417467       -7.7667070820        9.3086305029
        2.8151536478       -8.7626242519       12.1878780246
       -3.5757041443        7.7878320924       12.9548609526
       -3.3642000504       11.5788126414       13.0871553975
        0.2220274263       11.3715078551       14.3589498289
        0.8882706345       15.0568876569       15.0343434610
        1.5303662075       15.5475417928       11.3120742812
       -0.1092666748       18.0177669534        8.9335489298
      -18.8738123666        9.0846287716      -20.8890378063
      -16.9205287689        5.9005943638      -21.6419088197
      -15.9895439137        5.7414113874      -17.9537914309
      -15.3745849498        6.1611330697      -14.2270417505
      -12.7406249221        3.4290741430      -14.2605003786
      -12.3916131837        0.0072919761      -12.6510820327
        5.7823595785       10.4825473516       10.8042351653
        5.5689104572       12.7638584849       13.8439107447
        8.6287286596       14.0731274302       15.6877870106
        8.6354618501       14.4054572641       19.4727886180
        7.8078213007       11.9547372323       22.2560609386
        7.4674659647       13.5428740379       25.6985233925
       -6.1861207081      -17.2119217767       22.1641331246
       -4.8518261511      -18.4828112080       18.8302216630
       -3.7353297105      -14.9590351231       17.9164207863
       -0.3952351003      -13.9838002804       19.4628164807
       -0.5325615369      -16.6598242246       22.1673741389
        3.2623302481      -16.9633770408       22.1690611480
        9.1842262926       10.8008353025       -3.2135274672
       11.8654760172       10.1520851647       -5.8288502816
       12.0163161252        6.4989356559       -4.7714863448
       12.2995729064        5.7890030612       -1.0420497413
       10.7306765818        7.0155476956        2.2055102929
       13.5396475086        8.4927147960        4.3083106086
      -22.7059964573       11.3460334307        6.1163497599
      -19.6691775610        9.0656267688        6.2968189830
      -18.8984383559        8.3642736077        2.6321239045
      -22.3813480874        6.8261498416        2.4714932728
      -25.9756510497        7.9799780516        2.9637160111
      -28.8033024559        5.6493977021        3.9957022160
        2.3818200795      -28.9077355878        2.4773520605
        4.2208292422      -26.8582766938       -0.1563744769
        6.1693964000      -25.1555393808        2.6436334211
        5.1625727100      -22.6055063634        5.3008210261
        3.4998257092      -25.5226633888        7.0987820793
        6.7366485439      -27.4842435926        7.5137413375
       15.7985287380       -2.6749153385      -13.3584780498
       13.4087538670       -5.0211064194      -15.1638352795
       12.8426955861       -7.9512392261      -12.7913950105
        9.2971753261       -8.0759355464      -14.1659904651
        8.0178603791       -4.6571042631      -13.0918807409
        4.9825422830       -5.5373925346      -10.9690306028
      -27.6834380761       -6.3291394514        9.3031577521
      -25.5733234373       -5.1784358047        6.3527336386
      -21.8428272132       -4.4584735325        6.2116385229
      -19.0014073988       -6.9595305719        5.7943561877
      -16.8194905716       -8.5678596768        8.4727034505
      -13.3711918463      -10.1183668269        8.0029798641
      -17.1549988176        1.9827094309      -10.7196636806
      -16.5351838079       -0.2652757877       -7.7100450418
      -12.7692562479        0.1802297625       -7.3844763329
      -12.4041332659        3.6956998744       -8.7996935952
      -14.0583393325        7.1036730669       -9.1726868986
      -11.0719748182        8.4375707707      -11.1200668896
      -16.5801330138      -11.1197637560       23.3915591095
      -17.0558387862      -11.7802215375       19.6675914962
      -15.1457565440       -8.5950017320       18.8282383018
      -17.7452719249       -6.5855112318       20.7464217330
      -21.0461633692       -5.4952250177       22.2978027254
      -22.5391779952       -3.9320842854       19.1604194205
       -2.9026648291        6.2909337671      -15.8759789931
       -3.7707422835        2.7291896696      -16.8800537529
       -3.7338957103        0.5337974182      -13.7743817893
       -4.6099254301       -3.0531547697      -12.8602846559
       -6.5371982055       -3.0038527784       -9.5871538598
       -7.7176483372        0.6071275272       -9.8180283888
      -21.8031136243       16.8715415007       -8.2225086019
      -18.0553446154       16.6990686079       -8.8572582186
      -17.1626141260       14.8575053295       -5.6463875463
      -19.4134671711       16.9292447919       -3.3872039719
      -18.8389183558       20.4861980747       -4.6117953586
      -17.6651042679       22.5519344885       -7.5860233794
       18.4280826073       18.9272795872       -8.5729398822
       15.2992296375       17.5860228331       -6.8707216624
       15.5544877485       13.8029499043       -6.5436468834
       19.2712369744       13.6487107117       -7.3234680649
       21.4326698387       14.0845347246      -10.4214406843
       22.0968774652       10.4124675394      -11.1732661448
        6.1088133680       -0.5627745541       21.7217195638
        3.1887440959        1.5813685434       20.5833793456
        0.0724737154        3.7408079103       20.7167266370
       -3.6948880576        3.2070184310       20.6843469392
       -3.6159799889        2.9445364796       24.4811655575
       -6.2846432763        1.6529319938       26.8643363986
      -16.9211811870      -24.3053378382        8.6236410971
      -15.6443118912      -24.3031373174        5.0360920978
      -13.4758596530      -21.8878218254        3.0496584285
      -11.8647262982      -18.5391291811        2.2310699139
      -11.5116259297      -16.4266909246       -0.9184024389
      -10.9150021587      -16.4364389019       -4.6732219786
      -23.9307520827        7.6702514537      -14.4835185687
      -20.2261929197        8.4989800763      -14.7750590546
      -19.2341021993        7.1472806587      -11.3551936441
      -22.1943448806        5.0552472986      -10.1936375298
      -22.9553100636        7.7633949065       -7.6263104009
      -26.0745698457        9.9353271257       -7.3889468628
        2.2496788560      -17.5954853696        6.7273270242
        0.0576935878      -18.1179726239        3.6673942612
       -3.0035067915      -17.5268361578        1.4956380310
       -2.3871936779      -20.3392540787       -0.9951239232
       -3.3665988115      -24.0080242747       -1.2402800246
       -6.0282407650      -26.6843796275       -1.7303592025
       -5.3289756364        4.8741945108        2.6937524573
       -7.2174016439        7.9275051900        1.4198117139
       -6.2467390118        8.2498087738       -2.2515303142
       -2.8452044724        6.7196818239       -1.4711041537
       -4.3136365366        3.3745157581       -2.5561960019
       -3.9404910331        1.2245639236       -5.6745698138
       -0.1292677099      -19.8597355264      -15.1471636043
        0.5637427574      -17.9113130692      -11.9550260742
       -1.0043513836      -14.8942528686      -10.2471841179
       -3.7907668696      -12.4261114380       -9.4428808107
       -3.3640044461      -13.4020766613       -5.7825366260
       -4.7593068711      -15.7393567635       -3.1190706345
      -27.0257046184        5.2979385784        9.5289271113
      -23.9593191927        5.1313746561        7.2774751410
      -22.1355843348        2.9736864276        9.8270937730
      -20.7616533688       -0.5048583379        9.1288868484
      -17.8334911856       -2.9380700845        9.2313640375
      -15.8282938908       -0.7081035556        6.8858304890
        6.8440825511       -7.5567243895       -0.3333590555
        3.9670980119       -9.9655699545        0.3074023155
        5.2472300954      -12.7877021180       -1.8974709178
        8.4083412861      -12.9479940802        0.2190612422
       10.4902088192      -11.7923667661       -2.7449808383
        8.8712868337      -12.6880987266       -6.0710900547
       -2.5254689597       18.8525200787      -24.6852581160
       -2.5287347964       19.8578154508      -21.0134435800
       -1.8062104856       16.3131513097      -19.8312875415
       -3.7855776216       14.1107210264      -22.2216024201
       -0.7312352920       13.4263507309      -24.3919510550
        1.2006192535       15.2396975780      -27.1253598285
        8.6505395720       -5.3969938034      -18.6227722866
        8.1743176078       -1.6584083213      -18.1475534039
        4.8450543781       -1.0431969214      -19.8908312927
        6.6568018306        0.2724650136      -22.9669619128
        6.3379762328       -0.0080983697      -26.7482495523
       10.0150323291        0.4347203645      -27.6303965294
       27.9779689442       -5.1845174519       -2.2575293773
       24.1747330501       -5.1859840809       -2.1061884683
       21.7091171979       -3.4061039043        0.1834274332
       24.4974343276       -0.8854587377        0.8159726053
       28.2979225417       -0.6970142991        0.9250346569
       29.6726273364        1.9030683464       -1.4959283680
      -19.5018543061       19.7526841442        6.0795779451
      -20.9485963983       16.5727401875        7.5966502085
      -17.9942290872       14.2511170710        7.0015861872
      -18.2460677000       13.3194410337        3.3264193876
      -19.8653846952       16.3871239420        1.7767519665
      -22.9700164168       18.2804632119        0.6520356381
       12.6721974185       25.7842750023        6.3012923014
       10.4526267597       23.1142611720        7.8612072516
        8.3052191848       20.5522145236        9.6860637228
        4.4954864021       20.6288628233        9.5602268030
        1.6994859428       23.2064481682        9.7581158491
        1.9313660023       27.0035196861        9.7115435503
       -1.2427403187       -3.4969488251      -20.8382192796
       -0.2937957187       -1.3781512146      -17.8273417411
        1.3067067973        2.0704273578      -17.9844521939
        1.1948107657        2.2909534667      -14.1788861777
        4.4093314642        0.2363637613      -14.1301634565
        6.2608465179        2.9643175052      -16.0299677868
       11.3295728500       23.8783986192       16.4714859630
       12.1178504068       22.1656526509       13.1628914483
       11.3103449543       18.5256605906       13.9280799970
        9.6374297314       18.8907141784       17.3291094892
       11.0985147584       19.7492033906       20.7357726629
        8.1201483732       18.5275848171       22.7709308351
       24.8599473680      -14.5751200531        5.8946937432
       22.9163568742      -11.6682528258        4.3895917629
       19.5351387699      -10.2968891575        5.4720318717
       15.8580413068      -11.0592665552        4.8606288372
       15.6533081829      -12.1590038842        1.2210792944
       18.9497306250      -14.0503359425        1.3716437666
       11.1562481942      -27.6348192333        3.8354536792
       12.3849447101      -26.0650610896        7.0805322943
       10.0359586381      -23.1452236412        6.4184112942
        9.5978347648      -21.6520436719        2.9491950021
       12.8840841002      -22.6646240431        1.3304305258
       15.8467156694      -25.0383352039        1.0627911818
