28.441640079853602 5.025860898125219 51.02134141737393
30.720426063903165 5.983566035611457 53.906982984730305
31.418161680940045 8.16868829726926 56.897906255749284
31.32005538299348 11.313052815580713 55.22134394027319
28.04310570786338 11.812359001762308 53.91328581791595
26.176531227077472 9.842401420074092 51.022548739041305
29.82296000525277 7.9599416894844035 32.397893027670236
29.492801649659732 9.321059816842247 35.8974746205223
28.239176736122257 12.328842161290739 37.87460115218158
26.39008208727487 15.088017401426947 37.41736972578846
23.818391800539562 14.449207916569913 34.99811462730154
22.68818786353942 11.444328035490644 33.076459587770884
20.94251286098606 19.999631939470245 43.53267525778294
18.571357637613588 18.63324650624685 46.06709175422079
15.406625193612419 16.8713922047792 48.033378724791
15.135560509903353 13.963220834024375 45.528141273518486
15.765305712449235 12.142231594846422 49.17190874894909
19.440832085343636 13.738409170071636 49.1483572210963
5.377698666033817 11.024329689900448 68.47559153223207
2.086758432057293 11.34678548917519 69.6207490105599
1.5782738616920104 11.592067979113363 65.844342472077
39.23789362414951 8.84338154511826 65.0550788138985
35.54994769244376 8.314008489710975 64.65596556916138
31.750882108319722 8.745046491986404 64.6657774674787
38.36117734988275 35.4188913750966 28.304881410569216
36.45625020639602 37.573029935322445 30.72845178485072
34.64186644548135 0.6722671338072936 30.47638618661387
35.9990795930586 2.6851763599883665 33.45234180606186
34.59973192052301 39.319912634913315 35.05704754740388
31.684489914693167 39.18399294938394 37.16466803746165
32.834175023662866 7.104248657232979 68.85993975552265
30.07371246859339 4.65274964737287 68.98374396378877
28.22715814334321 2.510976608992569 71.18989757804131
30.533961778922976 3.9370555810182917 73.63427772061347
30.06889466824976 7.342236158027339 73.572254452316
26.342674116721415 8.642471049641973 73.72262248224186
27.275531939708248 32.983454388487665 5.723708878919496
24.25860736272919 34.489054708922716 3.5397403833125343
22.69964862411546 34.04320917887464 6.754446596456347
22.842834713482507 33.52418782712659 10.25860696717053
26.08401743686588 35.592109996071734 10.600355752520443
24.441699118905657 38.70149791745651 9.583411249929277
16.988927794763693 4.05570652361282 64.6103167219572
14.992107836088072 3.2762456336147237 61.905104415500574
12.349889546454765 5.010045646494193 59.93827737151381
9.232309993283275 2.771090352705984 59.71862774800119
10.15147814307485 2.9499657266706936 63.42179117580133
6.820485562321153 4.627129899535919 63.415126392267496
20.078979446204528 39.41839788578158 29.850108534537657
17.803361373649974 2.1579878364187106 29.207845227258783
15.12518266092652 4.063180776893449 31.122232123700822
13.557708467696404 7.5567465395171265 31.28676743229011
11.620757773106904 5.110988740527239 33.66395860153192
11.035176789919584 5.518466304361903 37.25604591516045
7.0893836014108516 7.747374064309134 48.185958024916715
9.61291229445619 6.946069799429171 45.51025125348438
11.291065710511845 5.574884689106816 48.69483843701194
10.666329529417938 5.091283588276732 52.425455431517555
11.852693316016307 2.7038321891075974 55.09374479576512
15.00897864789484 4.185207177041638 53.53527050082019
5.777630288618854 22.92032468526877 16.651515804654895
9.625670534197655 22.694855490759853 16.968341663324942
12.021102280536175 20.306260332747364 18.829668007086426
14.552586262952282 22.35971310984633 17.270641920116827
16.84510278809276 20.16004960547582 19.294515882038244
17.887790265181017 21.379177445507743 22.862710821199194
28.847674143547984 31.133324927883166 14.985930915283618
31.68982536381033 29.08459935089228 16.431191248946853
34.579545185281205 31.420911122477413 17.74533264616987
35.8428921021865 27.951500802568454 17.24499111660765
38.38496640797268 28.9608816441283 20.08846138387244
1.2144210606504002 29.87962485235078 22.619087366565363
38.01735243516639 4.309284710115549 56.74433052563377
36.489818786808044 6.160408388424192 59.40871089895391
33.20385904360012 5.219051074602748 60.01958408611784
29.656517533903273 3.8514888093294783 60.061857559209564
29.750455836915492 2.690684388996844 56.50386185440731
30.40080939886351 0.008642498500137208 53.935934168831764
12.334006302596945 27.754646103867568 70.91332232703154
13.713549985733655 30.45504089714446 72.90179164836368
10.6867790766792 32.526808994786 72.66903991448552
9.799665731845225 33.158077102361965 1.6433692146142973
11.560903717553465 34.43839030956022 4.967000636459051
9.009664166364693 34.19717620037313 7.5783403121617
7.736178797017579 20.229478852685066 60.884413400804334
5.790104256726178 23.41534268257484 61.201330360471665
5.652766647935694 25.99326522534682 59.081078937963504
5.803040270024339 29.022321815274502 56.89479611491544
5.15053161441561 30.63599934214184 53.29133632740399
2.2239823014154285 32.89524650285965 53.400090971828455
4.442045016076842 0.5997626097991873 59.85257528780337
1.14957838678834 1.7284295555495088 60.55632665216746
0.5845785907216966 4.94722707335054 62.61541941614263
39.76259643528317 4.174007142573268 65.98912153448774
3.0602073165141177 5.910429665877147 67.56695160335546
3.8738910375757882 7.755435520315207 64.86215964208046
2.6568479855789957 10.66109600931884 36.7473825448703
5.070434499266653 13.836495201942775 35.99960562491718
8.336867626768285 13.974384726202969 33.928527030916605
10.532144948521172 10.757407405598705 33.300296826600416
13.325659520284841 13.211283616407384 34.682342722775815
16.370340321433527 11.258042045699836 33.08763878216759
24.63094039309424 8.33796733649248 47.052483397365855
22.712139324389774 11.59428475584113 47.31185259763445
21.907358708524548 9.538666955581522 50.57739467127228
18.38223556359147 8.445917604320568 50.627522531096645
15.885147858384565 7.03626140106356 48.594191164077394
18.43483530890605 8.18647471216175 45.77114655470167
36.25560037346973 28.489736190347053 34.78431659584888
36.76096485046505 26.119351178964042 32.14808615994371
33.784983739101676 28.109827168191114 30.95273037687682
33.73350064128444 27.462754309336397 27.401079966173935
37.24256899027951 27.771137676777947 26.84790055524429
39.16777129045544 30.254745301543196 28.82539910973156
29.295924133726754 8.175853202053846 46.716839620488585
31.53134420358743 9.326541423399332 49.29824758836941
34.80255489003416 8.871334962239764 48.537012450489655
37.00094951370315 11.095639809483286 45.87079420272748
39.570894871324896 12.817741285951655 44.09710741169272
39.39678214563114 9.769689223566667 41.82108228325218
36.43098232370859 21.684037890785536 8.787431577117301
35.01822885364523 23.08823601623061 5.527872572674591
31.209292394956304 22.7761411625508 5.882871099284277
28.70393341497271 22.057911889142783 3.0090657266992733
27.6745432063446 25.727433626644142 2.0423458394936254
27.54446815264986 29.44544038739662 3.0062867454023623
21.42053756031213 35.81266372034753 57.55817376717517
22.938422927230274 37.70842620387534 54.736460684298024
25.587139493190026 38.925469851817425 52.27471377217902
25.591178883711702 36.16723172795405 50.426198561657785
22.925020083701554 37.99326640562343 48.40978507332678
24.87890955787728 36.68806595196608 45.57927597965192
19.590976645405174 0.40763652159715424 50.30262765325216
20.653129180484417 4.215229548184461 51.08191842860486
23.57516519177764 6.0403333031083974 52.34561855311204
26.03420401078933 7.694434200459729 54.98365952936321
26.328894011910197 9.528217151166382 58.01697451809799
27.36201693603588 9.11791042781918 61.670498365599535
13.64758791843674 14.457397755933648 40.17738307507593
16.190271555509785 16.950678690772612 42.017408039885616
15.373278869873229 18.84855965799202 38.625070134211946
19.11641520358859 20.228296966256615 38.91132149595282
18.273097014239557 23.477481527129854 39.81391725568
18.935322556103145 25.075050749411144 43.457981365851325
32.52656341859288 19.514778627754303 11.082318294581016
32.1539398693914 17.01758009638677 8.224520142456127
29.229438057282287 17.77668787707543 5.878243835182807
29.520385999260668 14.164463445103738 5.076190888485476
33.33809879550542 13.431604717988908 5.017085338068857
35.270140425194924 13.230035051840785 8.024984756835575
10.903783063517745 18.50055508698798 5.295828414212437
13.051683056629907 20.624752926431835 3.4091955792683772
15.136055378809827 18.191776435991308 5.1521026989349465
18.89243273870551 17.812684060864772 3.503011956674946
17.97109002031512 18.408145372123776 74.56974601876132
20.038856171238336 19.021729638310596 71.75554581203718
25.00130906574048 3.2391012953243408 48.680873069040686
21.868614505733817 2.1393691814448377 46.817225210148266
19.335671952930472 2.934599210887394 44.058686155328274
20.695219079597894 2.6979299078467722 40.42311407994878
24.40403410024317 2.7118106024093613 41.1860040835796
25.47623757170811 39.31299106985501 40.71426986570365
28.13301061361282 5.965065361996105 10.740951721277904
30.363521273634944 3.1102841870293574 10.313918221465393
28.58298163288588 2.5595375836097203 7.24977190948488
28.03921847696722 5.530172280118269 4.622880068518095
27.141420981114315 9.201351757504982 3.6096379923572397
30.834506995799853 9.445281111501256 3.235557143812064
21.74899840097464 18.619219260415324 49.28854521635713
25.072354581544555 17.646684612749663 49.99911790829164
27.283673053918076 20.451890020474742 50.547579109211114
29.295436397419707 22.23657536993418 47.70856404769432
32.185196279414676 21.20805660559996 45.7916955275615
35.435287844178156 22.752138024237606 44.46208094663067
30.35060961828007 21.295707254329518 55.396733378155645
28.38731801577971 21.65565634209964 58.52762688164118
30.166935497412275 18.84373949608411 60.69883503465582
26.966113839453563 17.930469838372115 61.72376280350459
23.877817623112456 17.461838168186787 64.34631891772047
23.565613185254385 17.200980774803394 68.2556152633313
0.08217619399270647 25.953965687231253 57.26355568193715
0.748262559515984 29.41965418926205 56.020524954811364
0.7224152377536913 28.122337489417845 52.45486643531712
36.876073783902946 27.728837543470373 52.556116568682135
37.89538686039884 29.56917042445517 49.29731520375522
38.3907223952096 28.30293964070706 45.6403476247307
12.336143159349373 21.143965813374713 53.79136213611293
12.346085044053646 18.061474073934153 56.00229365455507
9.465014724738761 16.319208761005996 54.44287339362198
7.327071969437061 19.36997185423798 55.05796499969468
3.8707418744544437 20.599157334697868 56.434883603957175
3.9393891849488316 23.821544908412918 54.43506219681012
15.048827063002415 34.834120698470244 65.09079816238014
18.474229349864537 36.195591711419524 66.1875775223376
19.511531222955178 0.1850817864868688 65.87951301326733
17.57317485992614 1.880048215980678 68.86221899112005
16.756635367321653 2.7306140028015866 72.37136099674584
19.37018519220237 0.09332365979899064 73.67185855741626
22.39431342065626 33.83469103222424 26.53592335617546
24.17941841059049 36.66885377915743 28.266467642469866
26.372515006965482 39.331872554345985 25.678850388556253
24.785474774182997 2.7337980045960717 25.355607485143725
22.7817348173316 3.14060549518956 22.043982177026145
24.038103923751176 4.242894197303058 18.704202553336287
13.448749322523472 37.273099726312616 54.98202452540931
12.113189191799753 38.970380666130545 58.17867437466446
13.165668211890637 35.342232629485885 60.08446700110233
10.810487006061665 34.129560843410914 57.46941435169237
11.105729569087584 30.509801807531414 56.45974285675576
14.580772278883076 28.528141860490518 56.97619515310882
38.20563783173629 32.374262102930246 70.19241751428041
38.82557972154753 33.90779138191094 66.93587883198748
0.1268945472908488 32.023911708975355 64.15224984135844
39.615097929973196 28.728625725759787 65.15666654820859
0.010656556822112861 25.087178072694698 63.22535099871553
36.401214272603106 24.346026896629514 62.996587433055396
10.806078882563089 20.644974603050127 45.93357049133837
14.453483792815389 21.028748541579308 45.4624833269308
13.455307539100351 23.294856256660175 42.561137455660464
10.879492176668892 23.173798059639168 39.4421733085607
10.610549545219488 19.43727052077322 40.44321696749574
11.358929751002082 17.73852640035461 36.74971723952418
16.362771279760363 28.62455994656858 8.491128167422703
19.971126877873182 29.645986151520948 8.944235100292017
19.56775355688121 29.748669481196576 5.3464353230194845
23.116827377932957 29.8401172149562 4.14160236963968
21.61669570770853 27.542670548801368 1.8042591095088274
22.45566732261356 30.512862458063573 74.47079508433269
38.881940989634515 28.533089822115553 14.284330492858158
39.85565762052284 25.80187276853628 11.94765682685568
1.4116613020679811 23.2723861511457 9.664124475092484
0.8402576628377493 21.396685222220523 6.319240433959202
0.15695209093710016 25.022218405147363 5.662338452868862
3.5761703003829433 26.017576292003074 4.557786201713322
2.1028143524540264 18.7321673934263 51.63434410149728
3.03235113560708 21.275090874522547 49.33739336439754
5.9615146830247 19.904190925976845 47.90642987631134
7.538663705891964 21.335207366276606 50.82144994792172
10.252120880783131 19.4721636568645 50.31407979571
10.758408780390319 16.081549030790196 49.02063993370692
12.54314333987024 4.983104859022369 8.2797664907071
15.104245967562592 2.4641135184906116 8.651815854901912
17.116469848803884 1.205753205857995 11.225167127384607
20.257778102477495 2.8040578813650803 9.208245774544322
23.403643875998267 2.717733911170954 6.836836828190462
23.368686623045097 6.19888264779112 8.205904228268642
28.952953163884953 16.743434509334225 42.141299086703214
31.279849940900625 19.39005112798873 41.074823566506424
34.81259275265694 18.736567908836662 40.60491817219705
37.62429882166637 21.02347350611737 41.20337527829543
1.2871333387006472 20.672618441559496 40.76105997585771
1.37440039441638 21.691629975540238 44.43287454190746
24.8946612609909 7.456882268575478 37.4906905269967
21.728737999861057 5.704698306914033 35.62166088056344
21.969681371026315 2.4376868390681885 34.82339045936401
20.093416204719638 0.2031715801622086 37.425454918753566
21.514023668962416 36.519563594206325 38.3826120655603
21.582366068215542 36.312099405948544 42.053511069249645
9.029689744379546 39.54552298268716 24.649551697327958
5.780991529590854 0.1125675713907896 25.720678103021385
1.8769130865178176 39.5205405801054 26.735289062599062
1.9098875776578614 36.191364976384655 24.747781815212093
1.960104099404692 38.04695712599233 21.266328309560947
3.2478970176005366 34.79403441529984 20.297615192390882
32.83402153941303 6.6223522798662815 23.779720485535158
35.08876307926543 8.511726275868263 21.671843474700033
38.45505376303578 6.978562259695617 21.027899494838866
39.24016833197015 6.5288192209793845 17.333320828782043
38.11577024784184 3.9367245388902514 14.80971594930241
38.120061784364935 0.09052061477141235 15.200754642747247
33.787395273301904 26.881984245155774 42.48472758139348
33.225987898896804 26.895631482628232 45.89127371176119
29.78019010138325 25.641738843467287 45.20126905304308
29.82966226186247 24.251097611899457 41.62207380824048
27.31020098154595 21.705785696410064 42.66963007912692
26.05014787703063 19.468291999296635 45.42510691754657
39.17740641964276 37.582072735371995 53.79638789603128
37.80861842598899 35.01032623157132 51.75615875005258
36.932255060349725 33.39582525573783 55.252964496048556
32.76555893704101 32.98943156538308 55.36913902293096
30.36420950406852 30.240819618803847 54.36637471212971
30.835845592712523 29.12827617855433 50.65117946417547
27.691781969201852 1.9303510657392766 44.64349472046705
30.28459047673447 39.66950996423391 42.55537198568484
29.84605919429367 37.563438978727135 45.86724355160801
30.56279188440806 39.70635112216413 48.97838230180946
31.65526202309272 2.760849877233543 47.26710170083929
33.18523428296198 5.3122862655666525 45.64471984542273
23.25442562682664 39.62030680908638 63.81144709684708
23.76860005251665 35.72298719904378 65.06728615359883
23.84400684683205 32.73645417256471 62.75419481702248
20.299430106685982 33.8021838193823 61.50802203694632
19.350513955528335 30.63129898635251 60.18814559334063
15.99540728480874 32.069773712297014 61.264038539522645
3.8033135508007847 30.646347998354013 35.42448709280002
6.019208664242028 30.710460460589726 32.59073757641043
3.2004016481151627 28.154303263713622 31.163591280105937
2.711503091204449 25.29981175548666 29.05346465562951
1.6027468642018123 26.467832820021517 25.931286217169855
39.921326435778 23.326740831334664 24.707880992265743
6.558175930565146 21.822312707940565 26.708770853613068
7.151169115354402 23.717809702005354 29.790837536562613
7.791493466721306 21.066310642452592 32.45488335924553
5.569186469892084 18.206929635307336 32.95472091558398
3.8022223916496984 15.97450182938468 30.73867717334774
0.7727988873669318 14.82330749647366 32.33195540026776
5.939050587987606 12.415647491736674 62.47831570308186
6.165612045587188 14.37671589828702 59.24486258580399
9.108314969428273 15.99985174763073 60.03374180521498
9.960128105652434 15.367012001383248 63.256176839037515
10.739189789625089 11.959283716376813 63.27139941808449
8.859080628839106 9.302933660638804 65.2976423348616
6.970730907445499 37.67171831288154 20.353058999418227
7.3473246031547905 39.90620012751221 17.237048122638413
3.668172642146675 38.91071044562721 16.44031082003796
3.9197876077842904 2.3575635725170505 14.816426822265626
3.1031507652804327 2.9493168679039674 18.484149224869466
5.7251813051403415 2.3997472552195616 21.46718101316834
36.31028405992369 36.615110641793066 1.239957109649601
0.2017984952319148 35.09267980416625 1.4936102180314528
1.057798223798213 37.620142110440526 3.9563214020931383
4.436692399584591 34.9803382548518 4.909891886731103
3.464082803640104 31.57382247414616 4.255890633743087
6.92276822227307 30.895187679614722 4.494390951895302
27.83149711298987 31.630071181399483 64.61326644913832
30.65935676540706 32.903985972233556 66.61446717503198
29.933403643710854 34.91337032180947 69.72259545549707
26.250000308418933 36.08965469339695 69.65641557917398
22.70405554974177 37.258387289010855 70.31547486803397
23.778238747132253 0.9280712937289904 70.9892799049396
23.564117827952487 13.61165205046125 53.01120624257094
21.8026309447169 11.498269222616477 55.764640060302746
21.320234144854897 11.653219356883797 59.71112623478811
23.95460543340565 13.497493145518801 61.019110154288036
25.849291322030133 14.064475444497397 57.77929078376826
29.265490872351652 14.561063226417938 59.46204838597561
27.48288006754999 9.47319074033019 66.72980576911621
25.07917137539165 7.143851299755475 68.68320948325987
22.03811168544296 5.558936067438034 70.00602154105263
21.93630510214133 7.645543876028922 73.02066736390803
21.58341656312866 6.565784477773704 1.7462336818088646
22.384433624284927 10.309662584361769 1.6828093167412093
12.021441720808717 20.368129103254777 30.465441402422275
10.350129907464927 17.52906780465154 31.838950371299678
13.73330573517786 15.633248242527817 30.192079220264635
15.058843507278805 15.529728432303855 26.75545660309696
15.73199661459346 15.68452952403468 22.79370265817744
19.146518748453943 15.348571145723692 24.367542611826757
36.714758631567484 4.0473623913738335 41.06465632320149
35.99690833552068 0.22878220073935235 40.34872685807328
38.24551862744678 0.5573881371805942 37.40629355164147
39.80791378869144 38.69762160138648 34.50574332264201
2.0244063129857204 37.599760047033804 31.914730774629202
4.759982249967949 35.226049892800155 32.523851463781085
33.270310247336255 12.357968336927952 44.30416541626544
33.14728170829433 14.122873248182614 40.59183393619818
36.279158876480764 13.26021193395757 38.56426700776734
37.34490667262756 10.57447333253697 36.29118199899584
37.740646076361905 7.101681944971154 37.29098531747276
0.9591771326583289 5.46170713519382 37.3259316186059
35.4153693453717 15.052217339410353 13.351564505327376
36.151286474851496 11.424297399452888 12.383564672548038
39.37832983499297 9.56261665557723 12.721199299098934
0.5919927474833034 10.503225292544975 16.006311020084624
3.546485691128866 8.51750789778305 17.330390267674886
5.703926252703925 9.60804131962224 14.431587672972753
26.450232380267114 1.4513038428083163 66.98993331013985
26.859793966692425 4.709291004238886 64.92696668131698
24.365842911011523 4.626885137701607 62.02337586974852
25.107722799297026 4.984330521788612 58.284603453778516
24.71634506442466 1.7787410415225524 56.08265994077454
25.426835617303563 39.98056061366575 59.31700167303199
25.849148107352004 8.396386084320673 13.913043050945513
28.83799597874629 8.495598986516264 16.276402144917274
29.90965724909011 6.726254652367838 19.380832106901767
28.28558693324944 4.197966201547279 21.82210391123958
30.72317469345799 2.6070319905781085 23.962803972141362
32.47962386005793 39.35014884387926 24.511850911779963
35.19799921195377 26.482934131965173 10.179673654376797
33.48003068222636 25.516021822573244 13.429297085169663
29.94107156552325 26.81841334566207 12.458683088709472
29.85926932720331 24.828953096870908 9.477769583945186
26.590853756740184 24.371843008009115 7.726740628687975
24.758651944626177 27.458384160628807 7.407917580660494
5.804868705343321 17.735459289834267 73.10826252369223
5.272470951724548 14.244483099504265 72.70217689618038
5.096789607853869 13.527714235014127 1.5472802164612292
6.259883162969223 16.56937294975541 3.3121351542447117
9.44702282543131 16.053725131315627 0.992784818865626
9.629918906921112 12.729105914815227 74.40687808574181
10.968768992914553 29.279669071061225 62.64492883645001
10.3672290707468 26.304460645834542 60.60707476790993
11.378424565569665 22.942373504599413 59.08508878542464
9.001106917574948 23.774030144097598 56.47854583595094
8.827195892933238 26.80241278255763 54.22993917741043
7.574383331856175 26.802649861932753 50.702861801512675
27.6483534862877 7.169458394497725 42.02781044622053
30.81935526163309 9.458444432698558 41.572331968424876
33.559736979232156 9.939794351911338 39.041145153622764
33.4811189514727 7.72394584150121 35.959734579431036
31.681253883497945 4.354600226675304 36.15222667967292
31.580904288829508 4.372732785800106 40.04661966836532
6.073140579504392 39.62789044133183 30.48395363373401
3.6284438187439583 2.5098356534217436 30.810211778739976
3.6854199075887757 2.1507019420168954 34.544968819184675
6.730867099052747 3.746648996533146 36.170777725916565
5.057195104092668 3.8854904888762865 39.698195564968806
7.992101258374867 4.9074619597884475 42.092929191496104
17.154485689126044 10.772316006983727 56.200559983824526
14.32172198608741 12.828144950973318 55.35519034654682
13.42304869569469 14.403873473327478 58.57497732527732
15.042964058356484 12.056167993160571 60.79235994201666
15.987240554184117 8.386100617036725 61.18207628829646
13.856756441424988 8.756580670108717 64.35677473853022
16.968567068992982 4.3908760283006805 15.184608656393218
14.625100359036827 4.970707099732865 12.383988058452063
17.808192288989616 7.079927040096009 11.387261648663337
19.151884334779268 9.467377246754902 9.025337818748385
18.319653035504658 11.825135077253657 11.872369678307095
17.23867103520597 14.078046503898385 9.183970484902064
39.25471303266546 22.137533500588503 54.05858331773041
35.79205454231225 21.990281749964673 55.478093139749106
33.72716302219523 24.79453917354901 54.00326361465825
32.397235509765586 24.864299404423054 50.397638568696905
36.15314627325548 24.247498768250306 49.58332155534165
37.55500959288097 20.8817897104327 48.413577296444
3.470472760529365 9.312206683518706 10.075267200598361
5.341832305846794 9.509971239838304 6.7914732068346
6.308463961285267 9.580542234488314 3.1196610742911934
4.90601746634371 9.018487709370161 74.85665383797476
8.282489180249538 8.041110587379675 72.37300950108924
10.803905191944354 9.88250713727273 70.26500397696327
1.1493928507639626 37.60317877471534 58.04067518945103
4.559858771765313 35.819705194087675 57.39897082319289
7.5759808370797455 36.05022963368027 55.14650297663112
5.672192848310663 35.53231004199354 51.88262924173694
5.378110700836384 34.19786107932604 48.283452657240815
7.842951329707451 37.159077425519456 47.701809506383796
8.556438938282302 14.75813863273786 9.675287891453554
12.28408594665412 15.7042051720643 9.385057970435385
11.418622489383807 19.523571477089117 10.380699272356319
12.654218970274448 20.274080522146814 13.501155243079472
13.410568948503357 24.167301433266967 12.644477150166272
10.539722392418613 25.762968948530062 12.757257115919911
25.532594309859633 4.9896735481626076 31.128772067338172
24.434353603783876 0.9367930975075682 31.044018750590403
22.846418693017885 37.916990282546394 33.312308082119344
22.94651370407596 34.335534676308484 34.077154623506836
20.349314050970673 31.762551365776737 34.69263509650937
18.105055198333574 34.681351459454405 35.182247777543914
0.7706410992793038 5.895807824906945 44.117159131910796
1.702360423972369 4.366631825146205 47.46140808066196
38.92558120184455 6.917425598710111 48.5635376345939
38.765333084952516 4.408620490683542 51.50085035759194
35.3113754346925 3.8723032480754216 50.5280894618354
37.60490774171292 2.1688583533816725 47.665470518547295
0.6035393896586806 1.9268284486911458 2.7928765960389175
0.25856127369958415 2.4981269798904164 6.3797521228340885
0.0828039638482565 6.033529267160255 6.713533116507193
37.89343625460147 8.140370405995487 8.672401457906927
35.160001173455875 6.258692880736636 10.434935796702366
35.04613280794424 2.858013239710575 11.79956515257584
0.5694859124925813 24.155850009092198 68.4332787506807
39.866804124803416 23.474910204615966 71.83877343533122
37.854770351819695 26.804493609516985 72.20032029253073
35.0256060440425 28.865177955934495 72.99545318681173
33.39997701762038 32.18221658816425 72.25318897489367
34.55391162554748 34.975442033824855 69.93550036286496
36.75069170408853 4.536115060699842 71.40413023566104
37.3805912149944 7.1413270100306825 68.89022969922932
37.4929514874698 10.299229423013783 70.86796186144353
34.035654305245615 10.837116312415452 72.07365804585045
34.56326810124231 7.983245027547537 74.41849687854308
37.30627539680904 5.778428713360582 0.8744856864150181
32.1535416421124 6.020946289770541 14.05927687023465
33.84238674566751 8.643984826732815 16.20352764388702
34.48059236657804 12.394518755647711 16.9406705831687
31.578612345497795 14.116967517746914 15.540290394700653
28.991565057989302 16.219406714175015 17.316576131909958
28.569976097232015 19.56047791674032 18.83397928547581
9.371242851563334 12.871942592369479 4.569282340132718
11.783782273526343 10.970452872981399 7.188123134670314
15.264296988632362 10.2213205466112 6.64207288374343
15.996936017012823 7.996839473043378 3.2410874281880635
17.103370599769285 4.958046213446668 1.3984600307802177
18.566538082823815 2.0999592436882963 3.4024784337342493
8.235796843649782 15.865751449847165 68.79066647959492
11.764946364663743 14.429463547594507 68.21035166780953
12.959214760466537 15.924237385389535 71.52479883462343
14.150919807160188 15.599327852918067 0.26117863767230176
13.6683750110852 12.939534070485259 2.78062311745421
17.1514757925324 13.697332040673388 3.7826271516384598
29.251063882883336 13.41950593287559 31.875905625572496
32.26920617711477 11.978112665286455 33.58635363839993
35.71823399635188 12.111238877985544 32.03672486882649
37.10749534205284 15.069708176593151 29.51579620542598
34.28374635232195 14.836518128209551 27.164008106871954
36.699076681500294 12.64447845172618 25.628473567393012
3.6087592120580245 39.510848185123436 49.246559767764474
2.7595341491355665 1.0746242927533314 52.76763992157743
5.048406862580497 3.944978370677792 51.55670429425351
8.121012359665556 2.271560918910153 49.90411922900156
7.94744462560269 39.91240769659278 52.79158407825646
6.995344573342981 0.7842006210752998 56.2167868042255
17.052606404296892 7.529877294796459 71.0198675745701
17.79025308615376 9.866165073602492 68.27559117495235
15.561458392766454 12.293923451702524 70.46254301762363
14.74852478025413 10.6639552864457 73.45205372019787
13.012827526449799 7.40674999620026 74.57206733891545
10.878543546638774 7.499024536904133 2.8259804700565017
22.630934746987183 37.70719130163849 23.86129036622458
19.731372795842574 0.12637013351850612 24.23195589736579
19.019204403517307 3.716658583761249 24.71810260741309
15.983808958329348 5.317824851959907 24.913620689862583
18.000553016622664 6.793640648329197 27.737748485882356
18.800062057911152 7.4935236528088005 31.36121722977404
33.3872790415204 1.7975310068298564 16.317850332182605
29.971104551493234 2.5583347604891395 16.241480623707602
26.13413321463738 2.462400692632981 14.996836451314039
25.64837777767807 2.493445121330213 11.55250065475387
22.66380360984159 4.680013260662312 12.802336809922124
21.112622452881244 6.9259753304335225 15.518570431667436
27.71387895741144 13.622759973261505 64.26018510240715
28.276595768896506 14.540874205681524 67.57938828720381
30.85992105729104 13.784401822204975 70.33318380287393
33.54862184438957 15.429632382587586 72.27027800218575
34.915399957221275 15.810491970768922 69.05448690982874
33.96666863620716 12.47603380588628 66.86828676212762
6.692805579467068 19.447875142354775 20.59225626472744
3.288633174370228 18.9838209980894 22.434144059232583
4.015079906126937 17.991125127498815 26.27985682003525
0.6427270499582056 17.043605169169055 27.513413248543717
0.13140335910875223 15.99849690584156 24.077510100874917
38.178939696306976 19.02270034098701 23.072943998147498
24.67883718687208 28.29392084056518 26.483497937829842
24.88200409556474 28.134892075143995 22.715288202739494
27.504548954976304 25.323791631407282 22.221129437657225
29.96222478928768 28.219749809281566 23.637118762733916
33.47573936026491 27.71946032173425 22.650608465849658
36.387703497667054 25.384081913204366 22.12735328345079
37.413870753026096 23.947750336977933 15.833619679984738
34.315510999303854 21.576324232421804 15.723265954285608
33.11847442600557 23.90918093050435 18.542324718278806
34.01481194277305 20.69402929606684 19.82444892628741
31.2499348396659 22.245900288183552 22.006361476154677
31.552062568314142 23.207615068902662 25.45289870691798
25.57736094367159 17.834141251846443 72.28600507312736
25.659751217138695 14.197031039195066 73.26276742693926
24.543046594214747 12.293542709160759 70.5664812200423
21.980002710357997 12.575317324055233 67.66143943570884
23.110771183136833 10.75233444571556 64.53258979010288
20.67538623315816 7.578311077448055 64.77754511712428
9.413282700020792 8.314959378097043 11.139746553964043
11.273391114252906 11.216434669618184 13.007446407797348
14.621476150331052 9.761725049072858 13.285404477120807
14.042176995708415 9.011720323242708 17.207410563454655
17.127538330416833 10.986080391272175 19.59006730864621
20.393868583927073 9.808044232472618 20.68563989709985
11.3995698641584 1.683679103920502 12.870211767421116
13.393822196512552 39.520334450285375 15.180139207270233
12.966907887269866 39.23784545327454 19.04477160836132
11.792297520171232 2.0298260595722466 21.297993906691097
10.155806832535434 4.230075804689229 18.659222154348317
8.494529902029102 4.916477541837626 15.25302208408413
30.456269619471755 29.429556090051527 7.304262810117001
32.56077417265238 28.102606441101262 4.4455998672847095
35.7919204317865 28.049559281057157 2.898907972119085
39.072790448326366 30.132173495446246 3.153494872608655
39.88260876982076 30.197272360747224 74.43832627248511
1.4256727466065118 26.79728532167388 74.72651294598953
11.754136293759172 21.77767355398268 63.7614805165758
11.155638239530479 19.242012822565545 66.57493227485203
10.45013724260164 21.470737784244772 69.71483424202552
8.899171148417597 23.930275557344856 68.27754275910459
10.215442402650332 26.30424514999667 66.14819001233238
8.950993200772029 29.78746167006499 67.28303679513218
0.74246332712476 20.63440632959848 30.10274686791999
38.40766670082877 19.128703670182198 32.603590898761475
37.8077486045554 16.743598374568503 35.30672100782574
1.3426781115853148 18.156663259459254 36.20128416374072
1.1506124041026053 15.370836886374013 38.75192267133194
38.86877564758563 16.395756199541434 41.566369975324065
34.449650029858276 20.767396876448036 73.30630710976186
36.50116760700383 20.74907133582473 69.84756716461204
39.98080357671607 19.618008702626643 69.20458821833284
0.06209244109778137 18.87738986648057 72.96060902148788
0.27043207937762553 17.849716380720626 1.3012471677223105
0.8081650792517441 21.67578071012151 1.5388183204622932
12.754452603861019 2.6865812612876994 3.8907480898347715
11.003853512958353 39.8042830018513 2.2386731193418536
13.429601115750923 38.68276642063702 74.46264427542481
12.094596960806749 1.4845994462705885 72.41432947797438
8.36131166828123 1.119921293638328 72.44625704550437
6.9143260258665205 3.099971821326918 69.93386437878503
29.117694823818592 22.192748739159626 63.24382264668549
27.934822753136054 25.715818413859548 64.15258634116354
29.68633114995977 27.23455373052934 67.19820842217325
32.691266669500614 28.725033299147718 68.72240496602173
32.97138001084525 28.566110601829163 64.91189989087884
35.67321283476081 28.92687197379067 62.39972554641467
31.935362834935873 16.90697676408263 36.15721156317641
33.59742810770249 16.73707777832535 32.64942200448371
30.738465630885162 17.130607992045253 30.31408858676606
28.283448366437632 15.989448941017415 27.449506922526755
28.629154629903642 16.293950883845472 23.664102034974537
32.15712510604927 17.788698573460525 24.00418202766302
17.591981198587792 39.301399445395994 33.75604342430236
14.571335833522207 37.32196830172349 33.37463041681361
14.966025987852898 37.047590462428424 37.18516212947732
17.162237346354452 34.82407528893263 39.66681308891867
16.47387384232393 37.96771465049467 41.58252296514899
18.005522738920906 38.48235572234808 44.6582502814459
5.340523704974961 34.552940093070156 27.808279301858946
3.752222962781703 31.32162213894121 27.439160435741332
6.060391584310208 31.123161405112928 24.28813276123072
6.798742882040386 29.171936103803837 21.29178170488833
4.508261696119229 29.568133275075432 18.43359654227392
6.377026916943599 32.39511823023367 17.03900099014639
0.9321298432875171 29.243744105397425 60.50533375105718
0.9985849624876927 33.08720629976795 60.05888427563486
37.30620943173376 33.96761332769071 60.001601176189965
38.607427600384085 36.157072526198355 62.97434557237051
34.7368620751356 36.41622238728069 63.29938136844378
33.0557921417164 34.23323944576038 60.65441636050112
2.0079085096754166 10.030203428807432 47.87888563971301
1.1757999072800105 13.832448650376158 48.75672215638856
38.45992062103618 15.812527944226199 47.138508021730786
35.56375982416743 17.105281655461066 44.565379767307256
32.01326446686598 16.377961098419817 46.21375925311228
29.5683683580819 14.211483520234026 48.57278964571209
31.11010466863649 1.8110994477209785 2.7996586352915567
32.1521778143301 38.79559565717654 4.537900344967798
30.940785181995043 36.690626769785354 7.175277457305043
30.82865449686276 38.35073926635309 10.509903948134307
34.33491924594854 36.90216195656201 10.929178141229023
37.04683802706827 35.9293064679095 13.399833560010968
7.7515262673706875 5.831123666662058 7.674406777982022
4.601677053937414 4.512043822164638 9.518815395930226
2.066750801826699 5.542781017434142 11.806408347729489
0.13304731690303626 2.3881133915641994 10.91462910531531
39.13766648980823 39.13634337453459 9.492005117023417
2.1483775797936926 36.43418959546541 9.428556784370926
15.454912986601173 21.32137507492153 71.00927217645206
13.23347912118025 19.979142434687223 73.83859366100948
10.015798007887454 21.460540066423732 74.26358405858267
6.9670013209279675 22.330715132162407 1.667315179537247
5.090677584555395 23.336410044917667 73.79933917122759
4.6326792636631975 21.544652078965846 70.86359020444819
9.680118755561246 33.30356689569156 43.698730965993114
11.366929618225777 34.6389703285896 40.30071026770988
11.053149553029897 33.04079267796533 36.85214313966538
10.533730417565389 36.77618245994592 35.98456760119061
10.127107658287452 39.9895172508551 34.16218977779391
11.429819065219771 0.5251641594196425 31.014493849942962
37.78500273457837 29.071319277886534 7.176464655362836
1.0693892462666448 30.563500801429168 8.647599351200444
38.55854206045878 32.500578969568906 10.45294974728304
1.0965197475259105 32.649512588883724 13.178510020849162
3.876486430899971 30.129943150226538 13.642986982176179
3.2035532209596234 26.8388069219558 14.993748340475422
1.8956133428996524 6.800005355146795 56.93798364353066
4.252828709491878 8.740863258231753 58.829682699033626
6.634090701793384 6.17808268651673 58.28713932940403
9.705410575275804 7.332283754453358 56.29153259895777
7.998364839789575 10.716910056663862 55.980690336477366
10.26620630649627 11.246582859130925 58.7070557714903
15.336832321079333 10.762565462686846 28.470268540411865
12.961158551593781 10.871078968143909 25.224385115837656
10.787450921592844 13.549112082526108 24.787095942180418
10.913526322584627 15.707318602212304 21.656847442817963
10.979571101936777 15.756380310040138 17.905376571274875
14.467378982493992 14.985357955141902 16.44084851653439
37.29463753486223 16.731598796271676 54.232896115895336
33.83011851526327 17.126731879835777 55.52110248032661
30.508208244189078 15.877147695672628 54.805634254254414
27.442902238029788 17.83644908541539 55.11625250987926
24.363924911472076 20.36572614248959 55.00178047574207
25.615759383647987 23.958980587737287 55.03060994005387
27.737068994684712 35.84856219804138 55.970962272174006
29.12617603293295 36.693708018503365 59.094284939493704
27.37840072885114 35.42478285138004 61.8739797899255
29.198167057076628 36.8301390681549 64.92595878825261
29.339726917209124 0.24936310003921847 63.380274003321354
31.65921545872301 3.0308460584131423 64.07091248979802
19.525477790027505 28.73005427870683 27.726970692322396
22.13663334181671 30.62874487360031 29.694028730334317
19.638730888453328 33.708795693689936 30.057418382901464
16.775600043098855 35.5338042861671 28.793075753963674
13.151581735216835 36.01816502677826 28.046828898202243
10.97908920862096 36.045737029935474 30.95320067242892
23.27440986990113 15.538015286841684 44.96994803810467
20.039089049721525 14.403093727851514 44.062647420588625
18.13735736582503 11.734708643176392 42.223362588367166
22.141506307595723 11.066343658163136 42.13327256500516
25.168421075914278 13.08586932317911 41.51099256991491
27.229963122206772 12.78314967264299 44.1920849892839
22.06491255599464 18.081280360417946 60.15866353242557
19.436121514692502 16.366689962736817 62.50899490378178
18.346463427838327 13.838571095772807 64.98499294624892
18.413698869526183 15.691559790686165 68.13344420568176
20.295541181673943 14.551488802420183 71.33789666730665
18.88740252684246 13.022387393920042 74.80686489676427
27.39913830795843 38.191386323960444 3.5599731100841865
29.39639095068273 35.594600577281696 1.0946617395760918
26.71415514714112 37.76439704900792 74.16144735480623
25.70195469596056 34.2009987242859 73.57690652280529
28.756258949171315 31.659709053721592 72.99768919647407
26.60096249422789 30.799845785958922 70.12659044938822
19.228587947478847 1.388521268647726 55.66047286210666
16.704062339234053 39.53026929053126 57.50596588858738
18.012990851777058 39.483223040402 61.014720999926574
20.27569955773548 2.790998145699345 60.268242096168215
20.48923287061636 6.451217032306821 59.804979780885226
18.615513548439548 5.94960347888093 56.71259778649046
39.43951039947638 15.13736941134129 67.88744642362735
39.0303028085624 14.818741840695894 71.65848315364451
1.044201055900542 12.834216304901387 74.278626647144
37.65133284885762 12.01597736936014 0.33272738722382955
37.91260121740343 10.402959640590527 3.662827280376214
1.0770257268099217 12.001966935420489 5.467065948496091
39.37431910562666 9.666056459383322 60.75777031643409
1.1316833372330135 13.061112158389017 60.59949186742134
1.5516066906450665 15.83087469004187 63.52092004046278
4.942932372983574 16.465919055281674 64.31314892194793
5.955599694887374 19.644351458551007 66.35525172009038
3.0426823039461786 21.178862341106704 65.02993761806604
30.16213352073945 13.634541333817152 0.23106972744844853
30.734782587591155 17.204221286722397 1.0470709453657256
30.273029899807728 18.489515933824173 72.42591292826363
32.09224438371092 19.680559156769828 69.19041967415407
32.29461910918293 23.392349569688566 67.88462239391953
35.51030006844444 25.223174272478133 67.6375368304821
29.805495851098605 10.930408790079698 23.297866310899217
31.108572995796212 13.466063419100728 20.59070204585164
34.60067854005236 15.059786001061509 20.998113908075794
36.00908972371713 17.20132886686738 17.98393677944219
39.875562403660105 17.183356862832966 18.316908893536517
2.4997263882321086 14.747907456105875 18.154840348558874
15.872789307446704 32.76198477007947 5.86587271920841
15.26216816200176 31.33470979913089 2.362758050893536
12.370104340103323 28.889587687345863 2.34176275419285
10.77099453680307 25.661108079584377 3.2908228157197024
14.649636016581919 25.340375022598888 4.527869665419769
14.04839291958091 23.88312805299489 7.691881743154216
9.374135373374514 33.901850446496205 63.882236207629084
7.800726758841256 32.0364670939298 61.0418121149743
4.755196026543382 33.650282351645295 62.976801251646556
3.7231870512291505 37.25619398278846 63.26866802367515
1.6658981432452717 38.73598793471941 66.34538835447702
4.500395047628501 1.2180236604819783 66.48220297169884
12.075990458266203 24.794929073262274 49.379856865961145
12.94139206722822 26.941639682298476 52.3064310298032
15.023644093250311 24.67650746878041 54.13216827619295
18.61853394424505 25.867076372351058 55.02077394458588
18.538402441207264 27.7762603490175 52.12554522130541
18.838955403141593 30.71893632868586 49.0360069195121
8.128449236867318 30.312492754773118 48.35834094494005
9.84280533637696 33.39480113726503 49.98488717852669
12.383920544952918 30.71918755858634 50.10825467662377
12.828843147396505 30.44750154501919 46.703334383035
15.204963620212915 27.77463709579615 46.58266439288459
14.9046100031942 27.61546678635691 42.752779069853716
22.93352261253101 7.051516340697102 25.390319014506254
25.3407020959536 7.722880076428646 22.720092259626394
26.6166128362005 9.877578070474836 19.988553704998612
23.44274351907525 10.397060208832958 17.630191364407505
21.098544179180326 13.150272028752152 16.979952344637688
19.12060805970979 15.785504578152894 18.382494602925902
11.856684193768547 30.36618807586268 8.206730023131108
12.829943622040666 32.189830449776 10.918719551817052
14.532669147955714 29.755728276245158 13.348485004450282
12.011565180752255 30.467145932057075 16.277424389489195
14.435349328219422 30.38467246342833 19.25677930901326
12.634476560883892 27.37161878614537 20.395874579875922
12.410310663492922 22.194527874488166 35.22820749803499
16.010870073886824 21.806799848668106 34.0790830759045
18.504580877496878 21.098533100037653 31.410808974703013
16.593484358354726 19.345659892157673 29.138091068934706
19.84514479116442 19.194237451715473 27.20415987156383
22.502515541892656 20.654344381223883 29.370506507347525
12.772463258463652 38.77927566578806 50.16037215103058
14.449850186884703 0.5122677773395503 46.77544898002951
12.217855159055095 37.87707627704839 45.23525688806379
14.423253223921378 34.966630633648265 46.04955167589816
17.736724642275608 33.49945224171512 44.41484888991881
18.788394616534312 29.857964483393424 43.30191966814514
10.385977430386815 5.373866328861731 68.04880556797114
10.86815914261567 1.5772287254333213 68.10770836013555
13.890890559279887 0.6558772787640016 66.00862743592876
12.087970017549429 38.61136456577523 63.73869663697696
8.169799288539485 38.72415204417523 64.62882604819302
8.127612038317706 37.70025424938618 60.86274672818201
23.785032160662674 22.818559565598978 61.299893329525744
21.790097637015453 25.91524154169985 60.38286286677659
22.54266884609988 27.915475420864208 57.10546562212143
24.60615519822094 28.25400233911835 53.91671464444353
23.6661797885185 27.86998903083457 50.18529793369908
25.910013955507864 25.08339505437214 49.78505038356369
24.933904818601775 18.865282311386792 39.27276806276334
22.186904375429467 16.155304439088845 39.61555191741707
18.340771924401306 15.474027669750077 38.652549608066025
16.901198184098764 15.740898578742012 35.25946739405713
19.800316256696036 18.086124120093576 34.5120349506831
23.101443941039268 19.44396232631864 35.44303489026506
26.232975192837515 18.98897266990032 31.83560399516007
28.157422416291084 21.8077842699482 30.439146920095595
27.707823321969304 24.247020494771068 27.62138161508953
28.89062244394419 27.116285967551512 28.87551824013774
29.039744268791853 30.896085296902008 29.291036234080362
26.986247996375035 33.03222307544945 31.08160595512847
7.7835005245563105 8.80853039986782 37.842666943197095
5.504836805191406 9.201201692918131 41.02497574429372
8.695669548263455 10.805558275453608 42.47594622412872
12.305675511318029 10.362683410407048 43.99336608044239
14.026823461394176 9.422855438289483 40.949356796500325
15.39659854571527 5.913482276053889 41.2994549881184
35.424171147690195 15.68513721237935 59.881411978842955
33.762542212143586 12.12620263929948 60.564868368537674
32.3119645289365 14.579819461939067 62.85844416918758
31.577251228255342 17.276990531504772 64.89584519146835
34.905313780155474 18.45014578869762 65.36585159137223
38.22119448296897 20.225756756870982 64.85368020430475
20.433846688188314 26.37866811294561 33.03233030767676
21.151566933941172 24.495084662561766 35.90101091682748
25.011892887669905 24.735446391657913 36.17508398455957
26.39065055158343 25.572434923144968 39.62000448527419
23.224736543069433 24.33861503631646 40.80523088793234
21.725889334425045 27.538177068423376 39.884782424635574
4.588284730789348 28.32877219124363 63.85221178579689
4.914248561840587 25.385460085928404 66.05449923030665
5.617654337998904 26.410454575071793 69.38152022305451
8.371008971059034 26.15753277037094 72.27473486711335
7.527906506649503 27.843076495857844 0.6064658074302535
5.440049015356178 30.747794538866355 74.68113188781051
24.02712577787874 14.579513299133419 21.68035382292932
23.908954625415305 16.410581966466008 18.335385312306023
22.280446984706707 19.836049204940778 17.401815987255517
24.635371685899997 22.68592870479796 17.813557821907242
24.016070436405688 21.343680386452423 21.568325057286792
22.25717076092085 24.388599508239615 22.88851325875976
37.893962320731475 26.909578868369593 40.817372504079046
38.90180848540508 24.883460497200208 37.7620269948883
37.572668808983366 21.925470880937493 36.494553133866525
34.738628292167796 21.848761693338332 34.36703148393253
32.35361796287155 22.825842492560557 37.03787019693834
29.104266351496406 21.82453476595349 36.01385046967116
1.4159702049221374 16.243455427246765 56.64665601742135
3.556026610050026 13.540528621879984 54.85712820308614
1.7258682550523639 10.618171779693443 53.28812371072165
4.578121405563331 8.576109209688859 52.19909663104051
6.28433320289712 11.75915031056501 51.48526398222033
6.030649511474861 15.563550020636265 50.90676354093255
19.353015594448237 15.157633933636347 57.04876102602953
18.75275971388104 15.916003881295444 53.30628730182379
15.372925852184165 17.828955966044155 52.43586389507349
16.036490196051698 21.024316456973416 50.67042783189399
18.06870979843399 23.637695348045217 48.636654572379086
21.828792500182598 23.430429111999363 47.329816739125306
27.794644335398555 26.293115778439113 58.30442251073649
31.4552931235683 26.276728950255848 59.1552317255672
32.76531586955392 23.3195950344271 59.69027732892722
35.52784474308141 20.680911631711233 60.35731559812934
38.736878818309584 21.90014498228723 58.91416983541324
1.1712846139258233 19.41786416054106 60.63798209395363
36.452263330443344 37.843255407234054 57.79067812749999
33.27674185385395 39.31651830743911 58.679741900424276
34.668733771882934 1.0903587946774038 61.558529460534565
36.75563621485429 1.2191538484812323 64.39770067895466
35.45813493169609 2.2164747421715356 67.48359593219021
32.476788312917584 39.71510379899132 67.595667348191
39.062436627482676 34.03652503349802 32.89420080634569
38.2830356459705 32.87812799136095 36.369102525194236
0.1756113862849915 30.207245529518897 38.53487251691722
2.8275748576896955 31.360947638412195 40.944176648074965
6.38539851712671 29.941092672187047 40.53168166728449
5.793829943233797 29.6954181894046 43.87972398175889
4.865567077995284 24.11518126514486 23.0157758413092
8.054060631597261 24.25138589304633 20.861560108094725
10.81170287206988 22.361816762612175 22.906052705528957
13.4683027930948 19.586233111840013 22.947656614085687
11.172947699773532 18.352114760778495 25.948309643979577
8.208085346359164 17.040868489335462 27.546671422067007
25.471274821945062 26.69642322975087 45.106456550829456
27.11404125612639 29.714144957179418 46.39676620803736
30.160347788277917 31.51806349609769 45.28498921293587
32.84189695014047 34.32235050075956 45.32640809091412
34.70940590136805 31.512164977140678 46.82885863052718
33.81581495126505 33.51413407989174 49.86268379469202
19.31552264301097 21.436975371877406 61.14724150753327
16.380346754172045 23.867150980810557 60.90480185160113
16.45211270011396 26.040859487927857 63.892786219147595
14.863823202134112 25.10941675614275 67.2475351917014
17.03340732583668 27.255453104971256 69.63540313364729
17.869455944820466 26.88660485181299 73.469397557228
33.40994041781551 32.23801004676597 6.018846441003478
35.65126074526315 32.634624137468 3.39657698059041
38.130389449454384 34.57746717609709 5.822793846165723
36.08358368162241 37.35030593750936 6.15906101875437
35.018202798217985 0.7474420317153341 7.033527684983663
35.15320532573342 3.965762414313363 5.31390958521178
2.451631674803869 13.978935851533723 10.417033643447153
0.6132334508422106 16.382445768224237 13.036784042584912
39.635245929201716 18.33266462125204 9.503376335354462
39.235401931803594 16.39320466781826 6.196473908859492
35.86056234309012 17.90382591590156 5.717325310309513
35.76321815554023 16.07905847869482 2.5426431234908846
12.519191696323519 9.067095362400131 52.45697701507971
11.051302340350519 10.176382309612176 49.00292904780067
8.668232163502536 12.323318296448385 47.16062477249061
5.37758009754591 12.244985787882523 45.694871810259706
4.449588469616421 14.374921027211345 42.69685095198772
2.480176658391638 16.634190502467458 45.002573298594484
32.66126049017664 10.551940597397335 28.55743363503091
34.72903657690468 7.692209592423621 30.161668210474893
32.57202636221192 4.867304457332176 29.11938800343011
29.41569399119122 6.3100067370155415 27.431577380080636
27.953258643646915 9.616278430957294 28.054035783713378
24.162428093681715 9.650063477450297 29.22998443108992
11.725403519063294 37.18522569730129 11.359505692171135
14.04049965133971 37.35264209467502 8.149563872620057
15.314272297107596 39.2247304524013 5.146298584130115
16.265944010865056 36.35931589715728 2.892628255306798
19.65966102531779 34.90702059535035 3.4490786876320634
20.954349692363184 35.25459913428539 74.75931877227167
8.128544061591878 39.619652114907815 40.12022064506055
6.245877847254924 39.35160020202814 37.04651243546095
3.624195233112474 38.56729682280945 39.687062932051234
3.791295071392552 35.34089325192558 37.490057766421316
6.545348096791994 34.80869436699489 40.23755903646315
4.090248686003879 35.31505969888989 43.21022621563223
16.009887424785358 35.00233603117931 13.652061731484862
17.81893869758475 34.09412293895359 10.356529610002429
19.08295728021198 36.688925095973964 7.948153616728758
21.45900658258513 38.365604744254924 5.5944597184529785
23.196017063480795 39.33905463691555 2.4264192224591823
25.126486268501832 2.6155371621788097 0.5969028723128594
20.832314635697507 34.17871300834438 15.250373138436613
20.00414104391428 30.44770958685435 14.777503505049662
19.849797933802826 27.314252673218835 12.967131574745446
16.969995711060292 25.881751688914292 14.761604982376689
19.621440908249756 23.177235759819002 14.372242545075405
22.344588300085636 23.611200083606736 11.829923868765079
9.185931447244684 36.95400373323647 72.7294680933835
6.228477308416285 36.64126105030282 0.0485518337456341
6.265800680269205 0.05922805976762646 1.3086237871485438
7.573338768036419 2.2729161842225927 4.27026646613685
6.88953717104637 4.686417594138615 1.311366528284448
3.6269797543453968 4.970006453766756 3.470114354954664
7.106616841654338 14.581382338402763 14.404931778598472
8.654532746197681 17.74725766277721 14.024214345595478
5.6752173624952125 18.15217635953405 11.720112041479707
4.521589215581993 18.698946839452695 15.25986642098162
1.5607580869848057 21.15096328499629 15.927436165670224
1.337795991791174 23.22208694419399 19.099974883291218
14.501589392784027 32.21698414164437 23.768071465691293
17.838976394006973 33.60022720153241 23.717961262453528
15.75653770081266 36.76711738934129 24.092759578307884
15.255522003682184 0.43147098679345547 25.19915933739129
12.999468038885956 3.078546968242462 27.113650869406484
9.478774266742153 3.4997054772029386 26.735058574174598
23.605630029245788 30.524560146868936 17.922972730795856
21.791514792416688 33.02288531950392 20.22954609095274
19.50489103329396 30.230407231748714 19.82947398655501
18.94733937612694 27.562143044080162 22.403418937063314
17.594425529852384 25.173503728820606 19.965182102635566
20.66840593186199 26.374270187053696 17.817583491758132
27.054166682692276 20.466442110516862 25.404780850827137
24.46792448159162 17.755199313250742 25.479301760499446
24.36574177103234 14.18304753191664 27.01110398410708
22.482189775163803 15.201144645207794 29.716482279772762
19.564504595201974 13.053508337544356 29.68912643771257
20.43513877295114 11.464452242450328 26.133979549558404
37.419613181958766 39.58054579684545 26.250228971995263
35.59751828677908 3.0775627779398453 25.84916248985696
36.84809154010243 6.970116961278213 25.969415315423998
39.39205137442386 8.793612410747043 26.053624134509647
1.7529107605286225 10.057302117891796 23.509939017770833
39.5041122311072 11.478832386414185 20.72912091824263
32.59734273122204 33.281425858499915 31.971690104701377
30.758751042759975 35.68441996365958 33.70756052163487
27.01921736874417 37.01653550103865 33.73065104099344
27.84630392250247 36.61537510078089 37.39489651001343
30.190376699094763 35.01762221484695 39.66999214901616
28.089090071703104 34.61676575139732 42.53167510650226
30.805949821632954 18.13281975500763 50.79932955727186
34.511363088032184 16.990367453826693 50.4582307669156
34.648425044238316 13.666489700433527 52.41968967569626
37.68147710481668 11.393883287870276 51.71722583032425
34.993070897662164 9.292801686880171 53.75276502139401
37.99054699430159 10.636330832361558 56.278668103938344
24.320127369012045 21.732733034533357 3.973645523201035
23.688468255015437 20.071541801512318 0.8923754178055908
26.307567300646028 17.950434079818727 2.5306963873546318
23.133447751616288 16.124391639909987 2.808443155713765
24.564008480356442 13.457663046646411 5.026742575859664
21.78419912814321 13.244125892759044 7.385296479536102
28.54392782397646 31.21207542432508 58.734693077503046
24.835124597862436 31.74557615988051 58.029896169157546
24.380935940489593 32.65423054463731 54.67028886675021
26.100915254083365 31.62421013999588 51.166071693995875
28.905402407047855 33.409541557704976 49.257450405216936
30.105754791339947 35.64009224911461 51.73048347865282
18.787991989389305 23.784423055409526 28.000589514428693
16.202063989891265 25.539720695286043 25.71442971669531
13.226135489410913 23.259100953401106 27.072576360415653
12.880218536631567 26.2646332163257 29.396969434820956
10.847437482772309 27.071001461616394 26.232521239480036
7.029670621319493 27.01289961641897 26.97737853026868
4.991636431467374 6.605919994771875 22.605641550989976
8.504737541415803 7.2597474339291885 23.741672805021867
6.712027202513555 10.418076636599814 22.017143034353328
6.399775253689954 14.139137173619948 21.10568421805928
4.95797416029077 13.672957065578334 24.818351066809306
2.5205742706683365 12.713948523141678 27.306262748260142
21.369119664104005 34.882400652994164 51.368328606559785
18.03106974133028 35.40009811292298 49.9361005395406
14.669188482563875 34.44625152660627 50.55522905787528
15.301269814430388 31.87265520827188 53.33703438473424
18.640656869187403 31.360223074434746 55.71472394694604
16.946704843793547 34.536650809180934 57.28297658654998
18.713371381290195 18.092051112203308 13.951041469303492
22.201217817727667 17.834703959276887 12.452308522006945
25.283062209641585 18.37556229416976 14.402676955575096
27.732957545398694 21.22719073843323 13.991557136897672
26.692276156809047 20.43370464050387 10.527108160241736
23.51495093832317 19.634310590369605 8.074960360582873
27.572665017927488 20.645436134835393 68.56873622363896
24.492616334112984 22.525283323164995 68.13394620729662
22.031132486133917 22.017647384245947 65.50115521174796
19.242726230243054 22.64744235101537 67.58106019585942
20.685759544048462 26.209301096087554 66.50523161699466
23.538708626279647 28.42767110476608 65.35344614858896
12.512268639017066 33.59820717214191 68.62401514799203
14.204160658607089 37.17336270861968 69.61624856357976
16.833283066982705 34.78034819177399 70.96674665886921
18.986582550125576 32.04152003258552 69.34786190270297
18.868285824698088 30.88334255485957 65.68632738910665
15.25787637569369 29.852315658231507 66.3620953710068
35.81731556108726 1.3605485109151472 0.49354053891194033
33.53570059417563 39.490994848545775 73.2223926612761
37.17965779113593 38.70844020267445 71.90010099992429
0.006397540549627934 0.7646581492554674 70.44412913114658
2.9307471643307648 0.9098906120629935 73.04223854544988
2.559006399905106 4.4791053443759345 72.44741060070095
13.386330995139991 1.1396756956240133 38.68113022539105
11.678833881097018 2.3375710048942606 42.129195218498175
9.515366630931213 2.0464557594256814 45.127187558549885
5.703732410876745 2.9382318255978905 45.57190660588073
3.733146368896662 0.09744916140775217 44.00562109293517
0.45650052417560466 1.45313289286407 42.44579767388588
32.792684694118854 24.18710246866746 1.4689704134655317
31.22972339337236 25.11239976194016 72.88769387547151
29.010496642948702 23.63189566145128 71.01589564162067
26.23520022048789 22.600067289948594 72.97043616413086
22.631298269581947 23.23821028111644 72.29885738758684
23.77550317231762 26.58726639974437 72.01944777885662
8.3872588836678 30.62584407279409 12.156236535567281
8.697535188521407 34.19077265302134 13.25661089171647
6.534674654920483 36.920808326621604 12.491135654481319
5.52222840273116 39.37396928456331 9.80741766515117
7.524680571678072 38.395721623624404 6.598383857254105
9.387087493017273 1.0115577134196474 8.196322540246738
6.344671557441129 23.36089996287032 44.360265816140924
9.232923026689877 25.96623195213703 45.49766062034425
10.574745091231366 27.179289645266973 42.010584215702096
11.1498109015851 28.751497462038586 38.91892628511832
8.94500253493648 27.039649136352676 36.310487963854996
9.898634424089519 25.775893435845877 33.01019461881959
15.591179842732416 30.992860848425803 35.84165194397098
17.159628516753106 28.317310705414062 38.064580746341186
15.223801025991518 25.87769041091984 36.26202177188046
14.805938787506523 27.936156973254846 33.03048608447137
14.827933803198018 31.1646733790686 30.82767121792545
14.912498448560182 30.071856418312393 27.541679460784906
8.857274137695759 9.820751132446233 18.109471421557757
11.274212201339028 10.9315984545988 20.823550376859007
12.25796798325641 7.257045129092653 21.593530521417545
15.467394690866657 6.231934444693472 20.246816543209768
18.90956269049088 5.113008671741446 20.50165127218067
16.80615862363794 2.242901673224045 20.50274043407203
30.417679193409615 39.58657791432331 20.049048794868295
26.54004705626744 39.192980811795344 20.521183608984355
23.817449314234203 39.21619792617168 18.130389694177172
21.9123953312964 39.67081480940519 14.646146953435888
18.63844309632642 38.634329057042045 16.49623862902185
19.44597347168602 37.63608603472928 20.20961067204932
39.699649731390934 35.85835528012773 39.77502018786303
39.05952979672196 33.647082172008105 42.84874600701482
36.16906254575634 31.47496380946622 42.51051859525209
34.707319077098205 34.33660738689018 40.219773874975786
33.45983558554709 32.69732444574739 37.10973002919994
32.16511883281623 30.364259628480546 40.08871883989882
29.96851468907093 30.40662030003637 33.94190576754318
30.94656956714526 27.814090601037822 36.468228769812036
30.857568180983314 25.101128135059884 33.545413554681005
32.53218161978677 23.119246766601947 30.76308119775687
34.86332721241897 20.31641058767316 29.51624870798117
35.76689144939351 23.442418548640006 27.12700572039562
6.964048281225853 21.11664072065853 37.53369004721307
5.6797089746641705 18.070525737639198 39.263025906048284
6.515287096886395 18.73907811121248 42.970937888848496
7.36620035925972 16.37046833638735 45.809352290537554
10.098305221822798 15.291884186428238 43.54783162640013
8.947324662045204 14.327217181911081 39.88672877505883
22.245821928032584 6.711646177858631 42.77333940448337
19.41618765457195 7.074624954041301 40.29263364095449
20.003153580137006 9.691599175860151 37.43648872357016
16.766440282432825 11.360552818325848 38.10084474647156
16.18189631335696 7.931114017824867 36.68675444423787
16.761108152034325 4.30165026478909 36.25274398686981
14.990151833888293 34.746877670648 19.098645868552673
10.971102300574753 34.97374863271548 19.397970172412865
9.193675165908063 33.60964749163788 22.200148831317147
10.121293041769887 32.25526601779893 25.826765723144696
10.32211545619367 30.813640076051076 29.33715933727799
10.62582700129071 30.651816490323107 33.14125623905252
35.09339290572384 1.027485979646398 54.06211444640616
35.940202860987064 38.982519208664456 51.06567264763981
34.948058161629035 37.65192451389981 48.08020264954222
36.34136505380965 37.01217511640141 44.750151645076116
39.959436617773584 37.35762186105938 46.43490217409766
0.46494732134363387 34.19444618999559 47.89183264706114
2.0185147706622533 29.053848966466376 68.95433956817898
4.378897174918363 31.62461605784348 68.09573189516453
6.217536095834406 33.409853310448796 70.88463321982984
7.657634405231227 35.745117710741674 68.53950817089905
4.161206384685505 37.08715025709368 69.84069029708236
1.240027378894512 35.917162335273446 71.61804388614483
28.28425493794894 37.128144245627354 14.362435635288518
25.623097022972484 35.45425112020808 15.991366653740158
26.302579513587297 34.69816676769179 19.552565319932175
28.278300962954205 31.441630178114465 20.220601449365205
30.883195942502198 34.102575250716264 21.02263351347007
31.94141395791552 34.977352664867595 17.43071094802232
39.85477744790258 6.39876008109315 32.358652458390274
38.58648419458604 4.3859599972376895 29.770929478402632
0.720275980490071 3.7288499861068316 26.630089287802345
1.0674312380245332 2.3322721244441746 23.027348475394636
38.20985116908894 1.741208062752433 20.67243285258872
34.39552433091609 3.3505775935830893 20.872360200607574
35.99364880792404 37.783857986606975 18.973503065205342
38.18780653453805 34.63409785487199 19.065559409027173
38.742544783198795 34.76531605544842 22.674891531600313
36.940107295828795 31.407941244657795 23.497096335074275
34.38708830575022 31.94815455883323 26.25701889682553
34.68230046701726 35.18192847873482 24.28833222533783
4.877741654330733 8.82910253308042 27.959754693948327
4.835093484402757 10.500189233124322 31.27981777748003
4.312031993550767 7.212279696911236 32.68867330089426
7.782472298096135 6.378323884800562 30.904008949976472
9.867383366445974 8.724601919370448 28.27395864388247
8.413533718500933 12.437048851421759 29.350998544237985
17.40629317676635 22.737391285191144 1.8647785687733534
18.3885987205125 21.907849194297555 5.4649443817296675
20.813696367978384 24.67478026233878 6.598660183417325
18.3754555562096 23.863762797212186 9.513573768209834
16.901882318603967 20.389442553056252 10.149791963090108
19.321196796579102 18.164456599375118 8.689237216031783
27.473145703598412 2.001207939991286 35.40325060077971
29.825956681273723 1.076702509838695 32.72944487821332
29.767314403596224 39.99773904290493 28.984104233486484
31.914716646978416 36.66387441510173 28.694028770409442
29.163472728690643 35.48427498957285 25.99054957080334
26.485690383095765 32.8847007853019 24.98643880380442
2.760167471127993 29.648194518284722 47.657662316580435
2.560391012367119 26.301001528879397 47.41265439066709
2.2586096664606483 26.72471714561948 43.64185721416114
3.546624528211178 25.437980434129585 40.11425437369077
4.1856598210232425 25.734912420645255 36.30489944132323
3.333443837967265 22.70786979128601 34.23556424560605
28.367120896660317 26.71909079847503 18.024782775836233
25.60732317918956 26.183459681047946 15.147698319877358
24.89203963651459 28.773766706051514 12.716800999285844
27.274039351109767 30.801345994413726 10.665233634445388
30.493565570311016 33.113576980199895 11.13814212493038
33.492889610150165 31.76767655884617 12.169569245656382
28.758447505640916 16.147997535221933 11.743237766261421
25.77619279437787 15.508423582639693 9.962178248128165
23.574991740901854 13.063762948303722 12.158948596062562
25.265801999649874 10.72754388048139 9.717068427811219
28.66891652993557 10.364750269349548 8.254302212947957
29.90946298743572 11.113952745819809 11.53206573603335
4.477624340554645 18.23919701366284 7.56656973279497
7.054066541172084 20.72627836763847 8.381809433706177
9.537316117326288 23.398689586693273 9.32282790293655
9.057202560906847 26.68874665838973 7.579239090929526
5.4857974711456725 27.795560570577816 9.150337909588632
5.780179501795308 24.652112770505664 11.498422922941963
24.01062308376409 25.48234721373345 30.343671113495095
25.8006804948504 27.89209119365179 32.77506285220934
24.257084942630975 29.1826225870525 36.11292641075937
25.904505338505757 32.401365770619776 36.96586328023567
24.30803319650722 32.4482236634543 40.53453683841993
23.258567122436332 30.332957994301484 43.77250929658006
16.907194169364733 19.38172667228222 65.39353506138707
14.668431526623541 17.199894291775152 63.079638972351525
15.169739516617042 18.690781046051963 59.78091050594006
16.307390513333075 20.645130879296165 57.036723299197526
19.00128328526649 21.348130857709723 55.080634192265116
21.15227109938426 22.169222400975197 52.184157241534585
