37.42748969224141 23.312536092656096 4.236779347395817
0.32327626251566954 23.47235789870782 4.898027617982061
1.5487406070290117 23.3297148187232 8.059885663277056
38.90237954331362 22.102547103702378 10.515147339520999
37.7475578506152 19.755596367466012 13.050395039732422
35.60952003018666 18.18880629031227 13.328736969239726
29.688399458292764 27.256944379801375 71.7831204178634
28.75276922097058 29.418825494871328 72.45351731717444
29.727140162422593 33.10139808772714 71.50932330437028
32.28755288898403 35.44960425903775 68.6753545484184
33.71636683658364 37.84460327466981 66.72993302697856
34.923894873674236 39.980867993908625 65.36190365615045
28.207491848200014 24.278349055747764 66.75215818227832
26.580932890366178 23.65135021265901 64.61772107626402
24.915499686839247 24.864014387278267 62.10797887116429
24.7240327996075 28.313780251499814 61.90098668275344
22.793267869058276 31.134618778425192 62.19500876410217
22.36452588486459 33.43777214295234 61.02407130601491
32.69253837035154 26.412960230360877 52.46509418762414
31.572018339616136 27.080977081042818 54.648817323458594
30.456068339161448 29.645676235748617 56.8002664409108
31.986493237023335 32.707812683700446 58.62274289756305
33.86775073670315 35.951408813533824 58.02203524278056
34.67801615746314 37.097005432918024 60.17222173102242
38.71173603227978 17.820565730054525 38.114290165415724
39.51633248531701 19.758562629390575 36.41496303945617
38.530624684481644 22.790501507237718 35.44814418269361
38.04933822738868 26.720931181612734 34.653337838463614
38.63719144490861 29.646135357575382 32.2380255704677
39.90097581043045 32.5606749374987 31.513087791543857
28.843781028588424 14.305909457017782 41.24319504836236
29.22546800436307 16.99575753108124 41.07884541614115
28.267175464599696 20.10597696266984 40.56712383581938
31.82451113617836 21.231541925917476 40.70688386218518
33.73769520292344 22.20622995625042 38.29191199263029
33.80272234640021 24.535832434964245 36.32068155286822
34.80344867971316 30.745254629051768 15.01836637176884
37.254885226966294 32.115992416322676 15.835701215256323
39.633510474502884 32.540806085596074 18.792760048366745
1.319981017296828 33.004724167378846 22.344081634924986
3.270288773724423 34.46211643966676 24.982253452260096
3.903691219894184 35.5503796542467 27.61741251228725
36.48301563555166 1.8535289783064686 18.843748419588845
35.65705323760033 0.3595652925746389 21.140451559399597
35.79773067050587 0.8176095008032372 24.063765580821542
32.41073612559978 1.842889491292479 25.05885757070119
32.204341709672164 38.21926621365894 26.63997818585019
32.47698437919692 38.177276300795 29.329105636097587
30.590715278453303 9.264630305735084 34.32854794827198
29.889528167079582 6.810906322105653 34.14233989755275
30.425799814057637 3.779910432721162 35.602845205580415
31.35506141690222 39.921835781001704 34.82686560095416
33.68562375822499 37.64190127835695 36.11016504945357
35.23378375341874 36.041172617932205 34.44383243368499
36.14181439306999 11.308047922301597 48.48784293547279
35.342075604233024 9.586091722335254 50.61807810115684
34.78838485038261 6.166464804039167 50.10719768915739
35.04384670812879 2.638812304291925 48.862624136938976
37.39425868168185 39.93333567506254 48.70726931478611
38.293688975095705 37.66454591534297 47.25353835654972
35.76649810107301 6.592481285212104 45.03184701074722
37.20364215081891 4.538570038731451 44.67565099269952
37.92169882710769 1.516051064454649 43.29661805079697
37.52480938529336 38.352395935688165 42.329365291399334
35.655638373168955 35.95442306157877 41.73964685150896
34.03625648583041 34.23028177664024 41.29307548949341
28.732767490221377 12.568312422276211 52.477020783545214
29.235952100857787 10.002015794533751 51.1745134487431
30.98847184957874 7.665511391609511 52.61361650267873
32.238793499961 4.820555509811984 53.99826512233814
35.085180499105896 3.1478312462294706 54.07077063312119
36.7146120818387 1.1299652922498726 54.772547649038856
24.8942146558351 14.748282240399488 67.18928531229524
26.513999069143374 13.2797537418445 67.05731345549526
29.89892778819031 11.247122362718443 65.86145173596408
31.293879259996867 8.120367065582164 67.23354514151016
31.713076885494107 5.285585922003415 68.56955188468707
34.12466294062043 4.2553943906412615 69.83362677233156
21.95142676550736 26.838179137064085 72.08422400079712
23.880057188874872 25.297856137235982 70.96353230148134
26.254584098240972 23.344485211438098 71.9735717464572
26.932975882681262 20.481288690469224 69.97686749602322
27.42361256288345 18.073207046335252 71.84380731186035
29.955787475616166 16.3465449123907 72.37880461709814
38.07841779512046 27.52418268216586 11.175363451662266
37.76003392670384 27.41199414507083 8.824381939118329
37.597745229108895 28.55576569660368 5.424483705355349
39.01668722400847 31.460000119975813 3.1262810815527775
38.24766580364463 34.56157353925754 2.30350938341899
36.60140056256784 36.38511340335968 2.421338221006457
0.16898219449689833 23.859653261046844 71.77849361194296
0.47419882011286024 25.487749459739916 74.10188956452019
0.41469348484803337 27.656962744297484 1.6923003288652185
1.607732454828395 28.885994155757025 4.695782174830111
3.3806824494536474 28.085648265732104 7.63636197570116
5.596625093303209 29.379642896038106 7.948312904974333
34.88160568501062 28.947433685334865 1.1049497708996479
34.692729254683776 26.667002701830413 74.83406480608973
35.47666608842487 26.458875257212593 71.75813342414756
38.716857439799135 28.44705253584815 70.20476085901029
1.0231788509958155 30.704645878050698 70.3550505866855
1.5091046956800382 31.7724107256171 73.26610024137173
30.197187053713495 32.03308326159706 49.01641090664716
31.25278905297176 32.127487012894115 51.403559131766556
32.782290266999105 32.015502622541966 54.5334806453139
35.09165642757708 30.658257341555938 57.17729064849622
37.54104809234148 31.240156642210852 59.03777732955393
39.176279283899724 29.659226999136614 60.76322762302775
38.564454685567526 23.552557161804277 61.32192105362705
37.57681604641854 23.824071474831506 59.12024884489421
36.45138360875815 26.72101285015393 56.578712537605874
36.87384085606618 29.573282929560314 53.86075295086598
37.66684692939862 32.748472367457516 53.10988034013895
37.377374981741156 35.077394496566995 52.73133318017819
0.5358212560321125 20.701167272705217 43.211872797248766
0.0852803480680114 22.84348869826367 41.21583372856582
38.44607661049718 24.874848791448155 39.159699683553185
39.43923931938463 28.0384295925372 40.26932442636106
38.43113814688193 30.20644408290108 38.630185753814935
38.90086853844727 32.69321251690182 37.66180525843978
31.534307404104762 23.536199467975624 27.39863843499211
33.14586837927502 24.87123204660821 28.874550270567433
34.991930652371686 26.073665916099593 31.396470363294707
32.873762721606376 28.668189378174265 32.58701241843704
33.128780799459264 30.374553222120326 35.490684325681165
30.751104895884843 31.10705609438445 37.272632449783
28.588996056151508 16.64016291241375 24.91870739157284
31.428365612704074 17.474956398749725 24.751793207663233
34.51883463799036 16.48672572466833 24.591792326587868
35.898723545307185 16.520865188212312 28.07679817931623
34.690041369376075 18.9039174520509 30.277446069677996
35.005138746063714 20.117543670550408 32.4110657998516
33.88173069107247 7.200131875344316 20.40544379910435
34.745564428227446 6.0649854819972635 23.073374959969104
36.904896409544456 4.637102345229236 25.422846630854465
37.306418478027645 1.6511121024767523 27.756199359672802
37.84664628778535 0.7335198488864966 31.113616113115842
39.9260474952399 38.83660307453506 31.629524776688832
31.675593164629948 9.107306926436397 40.79927493700752
32.088151556543444 6.972125526624564 39.90767323820971
34.92621584804067 5.417661511129 39.92862080736819
36.91552694363405 2.6772731457055716 39.597475750689036
38.57519865283013 0.580762537173772 37.863827423165525
0.05955354172648697 38.580213180798495 37.467722550863776
35.6502701615235 11.78006174304261 26.37550644278088
37.9212363476915 10.509368960585796 25.546540581509845
39.61984979008198 7.770870915776978 24.394063657591296
1.8459019924377302 5.8404748207593045 23.298893455882414
1.1400030351690624 2.4942650844896286 23.14901933246766
1.6718127642645915 0.9226545614890285 25.202926341877205
1.2896977734821748 12.30026120659144 51.58785119076675
39.935425753110685 12.733356017138156 54.255560642582886
0.29681230666520286 11.253349885801917 57.121241306466544
0.41706283557568513 7.695155490052353 58.52469796393077
38.86214311680833 4.489226193976082 59.32284210604125
38.351378234591095 2.2890647960316497 60.50214252753438
34.1129455490645 14.36309821840538 54.10295455525594
32.79445768674908 14.806351192593617 56.65257753443256
31.24745076022115 13.036936847492258 59.18219639911858
31.069492529238424 10.496223304429316 61.799521917058804
31.67173683629179 7.198815162779109 62.31568993647615
34.28753228108802 5.6051270784181195 63.253966824643584
33.110525802561 21.89894353812579 63.21773512608372
33.59796201677933 19.299499714635797 61.42976994670848
31.58530295981777 16.4724862959254 61.54341483731925
28.8394501283684 14.563845419511244 62.47866190244019
26.23181408659504 12.662543936441457 61.10644977914412
23.59317389201857 11.734593943418824 61.04477595572133
33.3242360192561 21.382805611361732 7.884808838813997
33.73299525581215 22.969302036384942 9.627936928472675
32.93418645334537 25.685242776595 11.292517078625671
32.66537630803383 28.71638189110604 10.605230822999022
33.41046530914157 31.437575768882613 9.023336693905355
34.18884374152608 32.09295853072925 6.463857097387958
26.41896266602827 17.02954938208128 56.22068753555695
27.8019155516219 17.86297484355074 58.041146994994826
28.394317362380736 19.238317050366426 61.24687986522972
27.33588717158717 18.227043961838934 64.39982080557319
29.724412734666622 18.313658221539384 66.1982673539845
31.94648224634916 16.17567153689945 66.72156300654238
33.715891347205506 26.607965688469218 66.94824405568595
36.6008894188679 26.230484119963755 66.17207829205292
38.804897510433676 28.854483483170956 65.8137781528675
1.4091958141607752 31.676863323669103 65.48315455804654
1.1059660023236901 34.572151687251136 63.74399664781776
39.785827339913965 36.80398193729641 63.99507897976275
32.73729797742999 32.76606628973948 63.89485183401043
35.09973350173561 32.365148584647315 64.63206315333154
37.38078365963994 32.86900685952067 66.59986348557204
38.72767350698738 35.0550705947663 68.7636135769129
39.366275405015195 37.97075832473976 70.23978305631273
37.202723916282864 39.35491490461848 71.62539035986872
2.356184995443018 26.275660742549256 56.64196543244637
2.283088649395811 28.971228090733483 55.68153895575513
2.771230542038376 31.120675747171894 53.86692299368144
2.7857515709964473 34.57173094552204 54.119631153301434
2.052856622621406 35.15385078657607 57.173460468416515
0.2654581493520267 37.082775225753224 57.85639730492709
37.9534861608586 17.239275590373698 50.43084561884341
37.06545068051278 19.183542023167398 48.40085041602278
35.813168756589405 21.956595232722492 48.411810123495655
35.3916985121476 25.884764975277932 47.94655636204327
35.5684765682529 29.312478177683236 47.998335512839496
36.15782063011189 32.09880711111389 46.859284139503295
34.746845303457356 14.01885499403827 43.031333863698784
35.00283216782749 16.999835005909922 42.53911953012468
35.37318831933457 20.123647658531894 43.123421320700054
35.668981152737025 23.4750280266383 44.6318428706082
34.94536940822131 25.909644463924128 42.95020684031813
33.956208444209445 28.01926755081343 41.654827057538405
35.090437208302326 24.330682977024793 15.736312062888707
33.11642064999257 24.839379029996856 18.031263340060224
33.951560991346035 24.307557517087734 21.810010760650197
35.143891346513165 26.360588948087806 24.66010760926925
37.640484947115574 27.87162944369869 26.519558998602314
39.42625207763194 30.145501247635732 26.028920831209625
29.501319683019524 31.20972200963067 18.67474631065317
29.597227710493566 28.843438510052103 20.709577591671202
30.83569599937179 26.614551253969953 23.229230631957837
32.47492634022855 29.354424824258466 25.345637461336352
33.094817129184605 31.97551131903957 26.70790120695272
34.11827914853537 32.405298835243514 29.43470247658357
32.369130915220225 38.70082416021741 15.7345777922215
32.998160671345886 36.24090002398175 17.837883884293586
32.688830287023976 35.62754796502222 21.1301280440105
36.89055060536492 35.104506995534344 21.286160392551785
37.15168820322876 35.528228096345245 24.328577125120812
37.87029083842285 36.10128153511341 26.719600795633827
0.43199813956808697 14.90687656881299 45.23328758350091
1.4313474756274125 14.328263275842609 42.846837531277124
3.198581051129029 11.716068014331666 41.03049066870115
3.008076618449652 8.740732869274705 38.3511877635042
2.402103674169622 5.627569369392955 36.582115843560565
2.2202635324952382 3.8512586291823854 34.32337814242431
4.105917608104353 14.721448476102774 36.98923523279334
4.342913288596727 16.18107655185515 34.40606684462452
3.336955661554304 15.174316648301211 31.116601842313884
4.532662786870352 12.39920916493655 28.43558661361098
3.937775496630426 11.059640686228441 25.196153992632894
3.055162150376779 11.161516943056801 22.122920199152894
38.74103252317281 11.79726168182535 38.06928074039617
38.17515271340557 9.528281858694108 40.19512568550327
39.09807481939869 6.0705174355135085 40.17921960394277
1.2135999179875132 3.292238756746625 41.521864816177406
3.1037778768476367 1.982193874305831 44.124035518754454
3.1232412667820277 1.955170733278907 46.75169652094555
35.10042482843543 8.760852081062584 56.48768825479848
35.84201584007821 10.154724765412826 58.923904519128406
37.78660202168707 9.533758975932233 61.33122673112024
39.33850934857294 7.692576035073463 63.66447235012381
39.4339783080564 4.7128786033570735 65.97573189393252
0.4000067445701851 2.2960691270911444 66.31824706195412
3.233315709923244 14.431140700097611 60.0408608098193
1.8288919686516003 12.794798422616473 62.06980832142867
39.7580795493152 13.489076580340386 64.80794944705764
38.762245587420274 14.49519257663977 68.42256530891468
36.173413336285314 15.004410365002139 70.77790712254148
35.84427390683342 15.530717143189946 73.71392817989062
38.30409093627072 18.199213129535003 56.626830232581426
38.09985776900334 16.526601387329656 58.89261234569572
36.66436497913614 14.865010382415022 61.41969623378491
33.99641653136519 13.189057975237025 62.75185321066953
35.258748944802825 11.348697010395366 65.57477894107328
36.4094194900095 9.672876482909263 67.48185261276534
6.598538455272537 31.483972173377857 66.6162646522234
5.919396176286117 34.01560643857158 67.56346380407605
3.4677879296119385 35.13059075349233 69.43296722799798
3.5228445100710744 36.29063609183765 72.67708872035426
3.3286974245598735 38.505193875759616 0.19844276992014423
1.0934852597000613 0.20722679872773853 0.9599760165335535
3.3206004926763164 20.657800631047547 59.545204489403154
4.622205329327347 22.582826873518904 60.85183794322459
3.435542746119575 25.809441313169028 61.45862364367608
3.816813018056252 29.307957273205822 62.78244300973011
5.305500896427343 31.04014093065378 60.51984748978668
6.592936277140458 33.4611017563374 60.836629977353866
5.469381915092954 15.415618045465896 48.52742361516216
5.113567833995367 17.81532970934789 47.600635340770744
4.388498691364952 20.948970795152874 47.36065854983224
6.731673023724502 22.155526147898446 49.802767423993856
4.624506185530139 25.16624867055188 50.82707581213672
5.004893964936855 27.74754632932931 50.42671068789802
38.11031740589297 23.2000090227754 53.099196108389556
38.50902926496606 25.37624496988087 51.871159732625095
39.86930913152862 28.410076146700423 51.01472524865691
1.1355276241052703 31.052872432178606 49.826420538314366
2.5721763439281338 33.616950862169325 48.820743158744385
4.62505637883913 35.601840050813564 48.32768808485939
2.836656729739397 25.261211082060303 36.28816476040325
3.5985780845867836 28.04611031115247 35.8887805202702
4.0093297572949975 30.29533375917111 33.90088518547269
5.024014822486408 33.31567984632105 32.15496588690436
4.449391408011469 35.81142314150586 34.41072671890838
4.690050944241185 34.37805927843679 37.22720426102401
37.047733588830155 21.257282937973724 25.306732462651688
38.65379168019816 22.61571563645823 24.033732348054738
0.8339660372647691 25.304976385217476 23.398076994647422
2.3473747127645077 25.5858449825363 26.673466704043378
3.804821674644281 27.881233540508664 29.45225838832088
5.357481258087141 29.619179463379748 28.682507612043437
33.59439278675038 39.01370038722517 7.9865465663562745
34.959981482861465 37.143823668291 9.487659645580779
35.68776372832114 36.418581213896516 12.818905900821548
37.76946490865836 37.16873801168035 15.500282763660255
0.2582150134206496 37.4956517121482 17.319008576849086
1.4121601157260608 37.60034383421189 19.8499487717812
29.108688914837387 2.2545268990699854 11.611377117233236
29.65718430809943 4.251903107930233 14.07972150991535
32.536994023829294 3.946867298087522 16.128660072048252
35.365806399832806 6.098449771485191 15.486914735534123
38.59915132671951 6.982412930823609 16.039003769961727
39.58743286620397 7.237480534394521 18.725646130372354
31.994896916814778 6.636438782699362 4.882237466017118
33.088252021084664 5.3387520905265395 7.153414833593144
32.57271231427043 6.361015411876074 10.65947425370395
35.686220346386 7.458655317276527 11.235784247630459
38.62687780036177 6.914262107986014 9.49618862382516
1.279395346824539 6.924877636838236 10.573633836169266
38.43463991846223 15.043872542553133 32.89668718788962
36.64691942682239 13.193788557398406 32.309680716813574
35.32765963866542 10.685628025762155 31.45712134737433
38.0553541054802 8.547701183055775 30.51721392754933
39.87235076208765 6.106044984388053 29.26410703265883
2.7132521697268754 6.193315438228753 28.497897173392722
1.6437706000874108 17.394594382209682 22.37839984257818
39.998458608821444 16.084676865148822 24.552536347740364
0.6161309687150502 14.713921082597565 27.739905377108187
0.8682354585865092 11.570367530864603 29.858301565834545
2.3598047412904397 10.237719367023685 32.978000218747304
5.259327450121608 10.076258433484755 33.187483079863036
8.000253070235875 10.042178157659999 39.46370980491385
8.23489112570453 7.4238153784437175 38.58615511631522
7.667682562193785 5.966639762625904 35.93945569270456
7.375513713848798 5.413710302377781 32.48628078576081
7.1536102335128335 2.73972095583845 30.285232068242824
5.248707475361052 0.9344099853414118 30.138406586893595
1.8612262103721529 9.37012532280061 46.31833268071491
2.2779886226994632 7.9103195862675175 44.36090225938505
4.058879306032554 6.447192756051371 41.51740339139752
5.5389475162705795 3.5515358747618944 40.22573893169564
5.751018349536111 0.42816519727239494 38.514135323413605
7.357829031111139 0.8611651826347497 35.97361016587429
2.7143454947711043 25.769519398106688 66.47772485344436
2.5709762588332588 23.029512445396577 66.61754500784792
2.9883664110987835 19.350012895409655 68.29080286985732
2.7264406744932677 15.380053378621035 67.79286168471171
4.249240101500528 11.948339417668562 67.72540936883655
2.6414050716723505 9.619647506793308 67.71330835516004
39.4278515018399 18.357160593600344 64.48406674244487
37.38425868021426 19.75111554569972 66.78841168774197
39.23007364716758 19.176506185664543 69.93168496439938
1.18317275732567 16.64041914961105 71.55390834676251
1.9676863377901785 13.59058287530748 73.12404417299872
0.3856155564865193 10.961810510110093 73.07989678917916
32.56697118676089 21.60769599160816 70.48232184518143
34.63066419469576 21.268050351032088 71.9701815536426
36.60288456683346 20.742616633576585 74.86604742095493
38.67160580568819 18.372600976924893 1.7464781382935655
1.6199464682351097 19.316899299601943 0.5768943727157022
4.130481575701327 20.380650435752752 0.43581024094836246
6.166189304656218 17.440544326611167 64.29619253861958
8.280638359666737 19.409726478067732 64.9946529170384
7.207053728809889 21.337585570991298 67.7484055366632
5.390295674435341 21.388626582449604 70.82084476380516
6.272538611765887 24.875086710547567 71.37477131660836
6.0583640138344474 27.514415007704876 71.36519118838238
10.922073959267989 31.514126550550703 56.00375852105171
7.94194233225569 31.403481741282707 54.964868472708986
6.293222855048237 32.54558595911905 52.442114206459784
6.636145117635718 36.438814402722905 53.08829930775072
7.608529917248686 37.20958902810965 55.89816659485213
9.495324003602283 37.505860927278164 57.64966704794171
4.030879872889167 17.223356267403158 54.690242922386254
3.1960608916186874 19.739309576152166 53.29812751252332
1.6619209075064634 20.670918329570377 50.351872630163804
0.6845076234327874 22.906097365030117 47.93512518326953
0.4764159540355199 26.13373515112832 46.22174528149131
1.0386639699259146 28.436821739414324 45.47939600939505
11.39633341052644 27.787208278178234 23.35182339349219
10.318683839168239 27.355435802990783 25.6221393195452
10.052552685580487 26.329674077985608 28.96256605729846
11.304348438133232 29.738387560590354 30.108075054840807
9.46757854501282 29.894115918811178 33.04736407149177
9.638042955445014 31.847929334864585 34.95376950196989
3.1413544673463614 23.938700966210842 12.777048806039367
1.5676686786898415 23.830720297938804 14.85376762604973
39.8784876886653 26.897247625776853 15.86083628092604
2.4193261095653265 27.58258310186647 18.08379058177831
3.2335382980088334 28.74106777331603 20.83309042947174
5.026872742670714 28.356360512162308 22.930374217437603
34.34258277726811 19.25820882383316 19.870801082940417
36.953773034255136 19.31694775695035 19.119609580886387
39.1735077297078 21.885385092640274 18.9311775076344
39.112241522428285 25.37345724324448 19.577496991721016
37.39641345682281 28.003949043681803 20.425284064526185
35.35777638751506 30.287722464646382 21.227446991257025
0.03340285291010674 33.3262566680451 7.92930678400149
39.434252511807074 33.46978368506339 10.494767277900602
0.6120013690697814 35.27335860521913 12.928806211137378
39.88573247281169 38.804402751117244 11.857649473412888
38.188015757260395 1.4621745022535575 12.740311546426263
35.54338066026558 2.353190724292527 12.403768799607823
33.92125100186838 11.421635677201746 8.249970263903567
35.95153073928793 12.625433923789105 9.828581913310359
37.736971120819135 10.938688821455019 12.789785462766048
38.954217900903664 12.02847188019315 16.46379605470227
37.90011130882984 13.120134387548957 19.307880661564962
35.42927809846638 13.23347890482934 20.5389077666924
31.752714612884198 10.294759005772578 13.948614560823838
33.348789343061014 10.847937820107818 15.517726361827531
35.551516288982995 13.613088412663677 14.93286404764126
39.30533478605016 14.618414832709899 13.549079111298473
1.9145572361389283 13.38810963835334 11.335286940426032
1.6401038100630547 12.461256182385824 9.010899155572629
39.68663587277604 23.673338953336096 30.554951273084857
1.6193411627996648 21.549115352754498 31.204056067214378
0.19587207537730206 18.394439219508968 29.409875644777358
2.2681712973960373 19.99461861854543 26.7497633539354
5.345134884019015 18.400276583649674 27.96348288426559
6.40768387780063 16.80158401702907 26.411364213479562
7.828860842531398 17.35297203716238 20.510166377219544
7.857554004576982 14.613398598054012 21.108116464763388
8.912139062501643 12.326230572106661 23.244334293209917
8.85073689241144 12.274879503044822 26.705646942416802
8.763408703681767 9.162051455982086 28.547659169569116
10.988859579893877 8.185080263531532 29.459551471752572
7.244801557806013 12.312533978288759 55.78412166061285
5.4803994952786335 10.228792155149991 56.801205804548275
6.356850484683358 7.015783119502689 55.50884106351912
5.781738042606347 3.3891463939593423 54.612860127540976
3.3740571885209643 1.3123886853774818 53.65154318121552
2.1956400463963637 39.29989016340165 52.500546048338045
39.8064207823243 5.531915639905567 50.31334412145589
0.04168149124697084 6.683075173421387 53.23393799141429
2.320932704293253 6.205424149785052 55.422427556261155
3.9333143247363034 4.355954561754369 58.04443444766961
4.363671733009062 1.073479375248418 59.58520598910296
4.726538569212275 39.42917062387841 61.352258755595386
11.52739751123853 21.241468091320005 70.44552459417936
10.595027401981408 20.78549308240794 73.18570813733393
9.928006346459515 19.454619405720905 1.0963491215607533
8.352832579195914 19.64354369248787 3.7797802230455364
6.0459915956972585 21.05398747536122 6.181301632162642
6.978954799737719 22.912230481223414 8.056017432233281
7.989333842528091 25.046801767634125 2.1972095626337205
5.554344674632021 25.897017291224483 2.5262531757524442
4.626196484530184 29.047234436482224 1.755573871287785
7.122587880630177 30.777223384913228 74.9353386267604
7.7001502720706565 33.36792479044963 73.40823365568892
9.019672234145391 35.98918018680106 74.85597166745697
8.656593265447555 17.60756721527707 58.64034651678778
10.711360896329907 19.935801394076005 59.392095030938485
10.383903110358002 22.726099124477745 60.58587027342299
12.894596082821987 25.170542806756416 60.52262612525988
12.594846389803696 28.489654739129847 60.82347327530966
11.315545508288917 30.51424401829229 62.54251694753307
8.10745907426331 30.94565716203297 46.185827908842064
6.462672255447093 31.362347582649797 44.390095416962225
6.818390422626623 33.23343293123352 41.44009662766677
9.600632515848709 34.131611516583 39.635519150789655
10.940404170878228 36.71584049444419 38.0854874655255
13.212612587342257 37.50697357855962 36.56315501033904
7.213247860719392 25.174549065981978 45.213274694224054
5.423493308580669 24.667084024118054 43.243310152288956
3.766326541975902 26.898632782111374 41.366452936690195
2.9608392450530765 30.87532630899548 40.931295080805036
1.3140237650970934 33.77062992913341 42.8915116479428
2.3966454363381047 36.32132463751913 42.44375522974879
6.627519255286016 33.66380971492864 20.006002141023266
8.38575560031034 33.16001358956885 21.73416090922976
8.250741237342027 32.38653656448733 25.090463154297467
8.627260636207458 33.404464773856795 28.43529843648315
9.0623658323054 35.950499619616984 30.47807662539612
10.714748845769185 37.86759805675743 31.121416777858677
9.721112732606898 29.658973136547797 16.697585332092505
8.51041034592108 27.86592420762041 17.689751627540677
6.041561478277658 26.219425460499593 16.33958875668449
6.3509295290918715 27.95467506352252 12.800556257030644
3.3890711866348306 29.983635034741056 13.620911354337172
3.659183643980925 31.996870180910065 15.2685086814438
9.767168126224465 33.44916168839544 9.496037851785287
8.30327959163219 33.156520211496954 11.49832514991458
4.704953022967469 34.43959252155266 10.357859868301391
2.556122749628306 37.64980882691593 8.64036180769833
0.06352738793294321 39.276064520492874 6.896634372064032
38.93591581178353 1.9588829591941797 6.216356656508032
4.362936346378962 33.6313332732245 3.659632990726518
5.720559110114926 35.27400742084813 5.252840001710791
7.117117623974385 37.032663907702386 7.618661792295089
5.996210095754625 38.284401311876955 10.458351690144715
5.02843397047694 38.4291195208236 13.305436340716941
5.852840044037024 37.51908711811559 15.593159787013336
33.60980901402369 1.6845384485595596 2.3348896872229568
35.557047351101964 3.03835820924512 1.0721333965615947
37.13721524692685 5.786852039820065 2.2465571404566473
37.13472229888214 8.17180237326739 4.9888679849363795
37.686209787408636 11.227195755455359 3.5770556017342687
39.03792991935322 13.498675342497357 3.3066295125259346
37.9680023823312 17.659296830423415 7.388547953097083
0.7322666814053294 18.053462388846544 6.9924605387577605
2.530811650697739 19.416095605510076 9.787830828719683
2.638333779755513 18.35687925254497 12.914555952962688
2.567521096102528 17.973537759820125 16.230160581955435
3.0689902737389305 15.289615772080088 17.23639570853997
4.315528817572762 22.67145715860619 19.89253164422866
5.27363024647368 22.37858910825158 22.91886149620797
5.874011311777245 24.108866537929437 25.93671675018643
6.06594680347611 23.087012918893322 29.073871868141275
7.177992576882594 23.694210274829505 32.30200618811933
7.630834819892901 21.27038220601147 33.854465364153164
5.24670988371749 20.205695556020157 39.35017822680414
5.8353378676898675 18.434015339254337 41.64903414250045
6.691163980890013 15.073868222806114 41.54273113198989
6.307866446245765 12.30957193474277 44.139377289958965
8.169817338084652 9.05221225369086 45.330860807637116
7.9888386519162315 6.221554683091312 44.603632067194624
12.167138226101246 9.57174107896355 52.59264111080954
12.095713076474349 7.761911017597657 50.413070183154794
11.129511179668757 5.222715131731635 48.38068841162481
11.168754981371956 2.685280452632461 45.98823795541751
12.705957357225115 2.2629394043269198 43.19331774801073
11.35753915563029 2.347748350904501 40.333489975165406
11.445819803208797 4.916118750888049 70.50677048730776
9.512573857234754 5.375944952507438 68.83297616939545
7.164540119256138 7.201036335422855 68.08010168720784
4.474920354344389 4.9486066469851515 68.81960301665096
2.464013852311402 4.340576837575505 71.56300240126697
39.65844537039439 5.356970295760514 71.98021828781346
12.968518423938558 15.938962681938712 63.27511998744594
13.05682691938668 15.392619655824161 65.92558543417863
11.38593243908465 16.626666366235423 68.4871173330891
8.467024708635611 14.651796876438565 68.07123783307372
6.827154386321232 16.479915863525644 70.69100988944311
7.552215109666934 15.57650591293813 73.16065388008549
12.421082937037582 26.698648840753243 73.43472251243861
11.87725008210726 29.042429588468334 73.14207005846059
12.725037980987711 32.27392077953831 74.18459704451581
13.772469635288425 35.02439460888056 72.78091210056299
12.656556695027543 34.575916673376554 69.50594256662642
12.056217039900856 32.50139304833079 68.20100794412339
7.516739384453218 23.539914624599376 55.64334657685494
8.576317492145268 25.91252626945978 56.71420198566296
7.924730150763265 26.871220608951585 59.69600877868954
7.120937469911937 26.926810353246342 63.01306674981216
8.990805915630077 25.51431783347994 65.22514768288286
10.794051987569969 26.619144181180822 67.39513866159835
10.902141052729013 25.208562854974048 50.570249318997554
11.398390678760707 27.902218764169636 50.63691957304153
13.73324557765717 29.9139560952371 51.97732085799088
15.171600109578243 32.56168074543696 53.61826570733532
15.47658740346379 36.17879346907891 53.909359825998735
14.377465152491515 38.090984418744824 54.18857374301335
10.569740070972005 34.60591528678253 50.28753838439396
12.75453881966034 33.5396318822753 48.72862241115001
15.792672757056572 34.04348631760821 49.181338719923815
17.982982375397615 33.96178659683067 46.14537870828269
16.69068004584803 35.306163457088225 43.50396241154663
16.065256544516874 36.857260232011626 41.93519385922897
8.706386884859583 25.50226854931754 38.1426304657261
8.48090754160916 28.263397032334712 39.47302066117949
10.243688483990375 30.37232354028967 41.250768201472056
11.541031493209589 33.59138830758835 43.20851069451718
10.088804735654819 36.74082170551993 44.26109566556987
8.122796476789757 38.271489285974674 43.7395142511301
10.908232266362333 39.556752601388354 10.755093005743914
11.066997331345021 38.711201649555925 12.97746049161763
10.560318461818488 39.42796140653811 16.310738788426676
8.477651718856373 39.323252521815355 19.347644438280614
6.6733088345206655 39.147320192068754 22.42131069950075
8.058131364642412 38.969464962299625 24.94375110107938
5.754773708193657 1.5926166990302137 5.652650822771882
5.031593617522887 2.7756636986154675 7.930790086875615
2.910674437152868 2.074287248359644 10.307901386403062
2.989405195910109 3.3072139223726444 13.918959629864318
3.343623158797719 2.8716079067326796 16.956033021906798
5.146663099383389 3.6727646108909306 18.833873454914364
7.586153959305566 2.792697303115048 74.67487126552935
9.24179970705251 4.289631024441271 1.3339629429895217
9.698367659563326 6.969079747957265 3.3357356794613366
6.8859586935317285 7.1065897669063025 5.750587647386251
6.647050258406757 8.924622590053998 8.366805856207774
7.566270233241785 10.775723365831722 9.612719906577327
14.78098114441308 4.686228664708837 3.0314281568028396
17.23473255115392 5.714750251730295 3.7338068570279863
17.462668107717707 7.131197265141805 6.6713908244433275
15.930776870651309 10.247246274556433 6.899940310789118
15.510154500636226 12.615764126921965 9.25552915179742
13.058024531154219 12.82111066149664 10.58927483980082
9.187525383052364 23.255266026362225 13.75058538126003
7.919537894622448 20.975855633517533 14.929003889592174
6.274582025798518 19.359584776191635 11.711114548710517
5.723948047953876 16.820974565448925 9.273629076885207
5.976264710239623 14.926984121274026 5.998247671780862
4.996353000867119 14.947321210894716 3.3631955556815445
10.3209557544185 21.188918762961137 25.835293999342124
10.977753792430883 21.152618980907565 28.249699727711544
13.071567475756224 21.146369191692852 30.635956937802593
13.092994632309459 18.630680699560966 33.39204536219502
11.11375137088018 16.40155333063951 31.820749339879786
9.31075857934158 14.627565946634057 31.339631026620236
17.37879432840353 12.422860773303952 26.40196301196824
15.401578464350326 10.399500278064483 25.93668722450388
12.260730800883788 10.630104741921997 24.95975045475627
11.756108071045707 7.4013458504840655 23.6868616537928
8.16517288211756 7.086772382355849 22.757386222776212
7.044698170269583 5.047829600205762 24.52814174464083
10.481674189859365 7.730909589762052 58.662309805509516
9.222613564668691 5.009452149219514 58.88763489377347
8.989895311627077 2.3818535308393325 57.08289184032958
9.373233908021593 4.4761947510783795 53.84762094741094
9.743087682979496 1.432192905923794 51.918285325565876
8.437058928277915 0.3191874053681307 49.64594462731889
11.684990137864505 14.185705777999953 42.81167479183909
10.569419710579199 14.652968619469064 45.194909230680395
10.10379655901028 12.650466810776301 48.26864639850376
7.73582787343616 11.426427805256752 50.67357474754196
5.889934003946072 8.72009061818641 50.75567667020959
5.892292928676678 6.0738261667585 50.27596310985926
4.345853052244013 7.439528883756073 62.064658220137446
5.377630663877336 5.529768005231616 63.62945467723775
5.5880421691933435 2.5899533542084776 65.21520731686164
4.416482947755564 39.08646673434888 66.53355744694571
6.051816613455027 39.866274004175715 69.50739471324917
8.64265026539653 39.232953635201724 69.72964420941798
16.518892084790146 25.466391601014383 69.35072931158656
17.300370459098534 23.080300867586047 71.27218600358952
15.956223147860443 22.134265787896098 73.74603414570312
15.23110109180027 21.306815656372233 1.529642203330162
13.328777786991235 22.702455242604206 3.4510602468739293
12.712710360169218 23.45608655340369 6.001131802059057
17.454192779099476 30.895326895076177 71.19780302414414
18.355011742670282 33.391342015315566 71.72719910759115
18.755857578447603 36.30932353951749 72.37216338622717
16.823746755503926 38.069571346307576 70.23745518274383
15.132369786221263 0.3446935527848015 67.73906277745016
15.905822215908957 39.02491710890017 65.2431299184915
16.522025571243496 20.449017513781424 65.79015264943432
13.92140941609868 21.813179062070443 64.79835478433384
14.691948234811418 25.08378435147725 64.05710597479924
15.428362050564543 28.26576990793477 65.43635679284846
17.04901527433219 30.676933075057534 65.14894521371087
17.49496193707019 33.29723370842205 65.30827456651132
16.252267250662136 21.42846492907748 40.676383838927165
17.066473551276182 23.27491075565218 42.756094713407805
17.92081649255992 23.510719183512773 45.755859321480216
18.957552371048784 23.816499519953577 49.08372155725071
17.440243443246626 26.748151406367388 49.889580041893076
18.00914894685611 29.327741332223756 48.82213002982356
15.776557600224244 18.880673581369305 53.44340238355155
15.355555159629393 20.85391978234067 51.31415087922185
15.203666592607318 21.399848763529945 47.949670147247375
13.835617108082689 24.660307023620945 46.63562002635946
12.86670622309987 27.109691575223614 44.57907375657237
14.387232595667623 29.44048781838282 44.42136596402954
15.871850791824484 22.995452053952643 24.596958613481622
15.640900958744208 24.636838470561987 27.164930923828425
14.626477333934767 27.2625501761841 28.79225790338929
15.127296612413078 30.217002271762627 27.273165320127283
13.308692463595639 32.778803937103035 26.229649704976786
12.890473583814765 35.48808856741221 25.463595635403717
19.979249469972753 26.333264783288776 15.146874147684798
18.705960600306216 28.64464690095671 14.48132889908343
16.196473580890604 30.01276472917255 16.063320589824386
14.343957790093695 28.260812379096514 18.771203864181878
17.181501700490635 27.80559721082877 20.58166779736458
17.919082561475005 28.59855921914044 23.026170802887794
15.577535753253084 35.524772901800084 10.222775776650211
15.135223963139255 33.89412816318332 12.358822003767575
12.766171501869321 32.671950211597895 13.952032031852887
10.418627204110804 34.45356575533995 15.887457570997608
13.17661463500471 35.30829182312046 18.233567918427486
13.912713364722432 33.033686988962216 19.838560674670273
11.380013088656918 4.499468814921651 7.763022944407799
12.368328292637473 6.894791938411268 9.026494370616268
11.96837306118038 8.193325755477959 12.206608603888595
9.519206325629046 9.764397722985095 14.352594606857151
6.667459737614708 9.55729033953768 17.095697701322333
4.266766676478096 9.546741234249179 15.571258304548083
13.810532735888707 17.636222647076583 21.865558319102103
12.789816281457847 15.91303095547819 24.2002229384704
12.726311421615208 14.589332114118264 27.166639345466752
14.025396598335599 12.319007461375525 30.506430500575092
14.708429296962906 12.269111916475895 34.26065307017654
14.202496368224422 12.243426802304441 37.038946028888454
18.751846529791724 21.94158827558039 19.563232106828575
17.82401414470405 20.231920280742514 17.594506979544
14.722350964428657 19.43546933441112 16.26966490091714
11.594741251260954 17.776843964154768 16.94841025197242
10.153958617380969 14.89769687370606 15.342781729526006
7.847335457726318 14.82607712850506 13.681341256744085
11.272423481276844 18.918212561317457 38.323426258245306
9.933685666007303 16.169225968809886 37.66121235083924
9.164773617421845 12.820067294917099 35.7181622014638
10.484543616143462 9.475860208327573 34.34963712314412
12.790570482387976 6.083123545821033 34.71825185647602
12.283904869775164 3.3759617185872584 33.556569222628106
14.627524336226585 7.499067927291152 40.46980236841061
13.385842784487224 8.48730552684132 42.48035746943982
13.507832503564828 7.004985168714613 45.54001327720813
15.20889809050458 4.458978855934776 47.81029156191975
15.254806769231994 1.3866466197477585 49.020298474514014
14.426686692635332 39.07569200468743 48.03594828678602
8.217037206769518 12.120124097428548 62.51328895074858
9.576605456064385 9.959684340153878 64.40899510540139
10.932936014923213 6.899820231628694 63.77395876754842
10.13033559340787 2.9810740296929077 64.29279561434839
9.862656451798285 39.61002336097011 64.06875793749751
10.321270827475276 36.86226496022765 64.30524339760228
6.093728975424774 8.757029644788506 72.8807871598289
6.84887350553333 9.842080874024472 0.20715560655969123
6.554713209497788 10.068082610113828 3.3604000884362217
3.091268340442245 10.308925996223858 4.62965189602778
2.0860948763178144 7.307409427878003 3.98523041806804
2.5965526183935808 5.780753629306922 2.3322213266827934
11.003171416434094 27.562618910336845 9.753117065208922
12.927643683315148 28.07644533735659 11.310735297100027
13.557670585871755 27.103307734912626 14.426761605259784
14.95283145380937 24.779292104330736 16.715753824677172
12.784858244777912 23.280990219738104 18.75550239137838
10.758140250268426 22.812725089563685 20.02261074667121
20.01287458703874 35.52208594040424 2.596890434928215
18.243578733338868 35.23424195441421 4.707680543629449
16.182107593615303 33.02641784068297 5.252498597840396
13.845902234253156 31.610141077857712 7.2129634386018155
12.375225326198345 29.492347975959966 4.293678147098033
9.966518458702248 30.967314981809555 4.035656906859414
13.259807724457831 0.2604276868989361 73.63683754505429
15.607813185428729 39.24906861557861 0.13545758140322114
17.712886349530983 0.1373443243763099 2.715370623594232
20.937177620102997 39.58059601348903 5.599086941938958
22.041091615355178 37.894766820019655 8.503883798037194
23.871433529555286 38.47040641506272 10.370765402572868
10.421198080929944 15.99239897978631 52.00179858381306
9.51575615504986 18.56700701303482 52.393509285763244
11.042404926580469 20.68115152875908 53.977978654497235
12.856745745836983 22.915881030954413 55.832664593039624
14.920642715331919 25.445413428529555 55.46804979840964
16.47529322807227 27.583005350120544 55.69810983004366
10.368196387355429 20.37678831262457 46.751886638494156
11.207704692988607 20.612515212831134 44.08674099154146
11.181614927117288 23.287100503988853 41.87201945861451
13.63084956860814 25.804018730425337 39.72478250546896
14.252380702390342 29.179670852003134 38.18162677538437
14.559239237701215 31.80232644178944 38.62323515011711
19.53862063275708 15.585540030977448 36.73610642267145
17.575631816148782 17.40304017798051 36.34472244819316
17.911471898160986 20.91775169630752 35.85682530269991
16.20839076978553 21.286308559435017 32.92066468905748
13.65802661272465 23.343148241990043 35.19186705334225
13.133347733680763 25.366700016648554 33.37534009997578
23.691810012834207 26.50026676928177 20.252939233306222
23.583278031713483 29.165632963674714 20.095186901994104
24.48301483779808 32.519905709198646 20.36425237176953
23.65739462232458 35.88193315469324 21.410894613366583
21.479221995066567 38.376799331947595 21.095424838826556
21.020664439699082 0.39117400776465744 19.471114722373567
24.515110100073976 31.61067824000731 14.716914189844026
23.30885667707113 32.95556648579553 12.678008111041153
20.347131505987626 34.52116136598545 12.091056621482911
19.019951880287167 38.22268745004862 12.64827206333295
16.781039998590998 39.46346931754937 15.02796668512802
15.805495694834255 0.9084048264380358 16.49427543899596
16.44781170474152 0.7626039525535027 7.5446168930443545
16.761446281126155 1.7789008646945854 9.883085971702254
14.303204220710528 3.1500458879544984 12.069703688505873
12.706102442149875 4.542537760280604 14.703636447235583
9.55505151735817 4.2809091987315275 14.877944038098331
7.72889750920413 5.0062478640345685 12.828096458875121
17.49609434457636 7.226471922932759 11.980487641585528
17.547303801481945 6.3598876782179 14.683298041650945
19.780578515069625 4.647695536308469 16.656433320896333
22.680079116408365 5.753411873116541 18.737264761255812
25.73095078889967 7.573810418320422 19.290145799461584
27.971928263651762 8.672440970275245 18.284269896676697
21.81215900754844 15.429134225094876 17.30318670993619
22.149434511061575 12.61637878734461 18.503067402981042
21.611086838206795 9.87312160757457 16.788958573157455
20.16527979377121 11.452901653267697 13.810362445109115
16.84339728976509 12.177171234094205 15.39387054360715
15.99219938200375 14.35042869437445 16.79135748432457
20.241490031854003 14.889667732170203 56.79529250659193
19.08445894285459 13.857395071537969 54.14002239831781
16.68329411502098 11.98260476659555 53.45479287905266
16.364941441659035 8.976137527517967 55.57152812429882
15.805767339523149 6.284690163676614 56.43854057765269
14.305232838811731 4.179302674459583 54.78163919660325
16.059238104911707 6.277555379150354 66.56674269315381
14.934174329123268 9.08921133583989 66.54327710966955
14.46741952187442 9.936739254490151 63.28192720215476
14.873474095494783 7.073561464059989 61.39624865445958
14.382013309175395 3.3554775833360515 61.52913874463647
13.793463627159623 1.083486705289659 59.917756848248786
11.097877455147628 11.227301884186987 70.41443165956994
12.120924391126444 11.451726333351509 72.82851832869989
12.384831518135789 8.426816967668216 0.3773362257658609
12.765806234877733 9.317348149837516 4.19969517657402
11.369338377995716 12.27142545484028 4.500042589723872
11.103304183183313 14.502386272347634 2.799495898316766
17.76436846128066 26.42068582963547 1.5112713991803841
18.46303706142894 29.39885648927778 2.025898893363819
16.03216832966903 31.688897993033095 1.351159014747536
13.553000241605199 34.63436994858751 2.5018664580313885
12.389710218914159 36.68999310060379 5.145054230501285
11.203662947502037 39.14496492457419 4.52707763160644
15.971976545486378 17.15620997131644 5.141843070500348
17.233215420449895 19.143995134410375 6.616307102719343
18.191226455860598 22.522607067212448 5.028103463133529
16.894646791023202 25.951586121550882 6.358635292481298
17.839418651595 28.82416031694517 7.752445979775993
19.100803550409832 30.698616333166843 8.91887056194117
25.580362682822162 26.754395195984657 1.8727491493983857
23.324864115891398 26.02611531764952 3.2399810914746703
21.050402315438465 25.488544722698364 5.58552107833223
19.646238497654934 23.733255327420107 8.47570659695752
17.178949003063426 23.30299387327726 10.736110675557251
15.440893611487123 22.76775258681028 12.153463569446117
24.565680854089354 4.824340837099527 71.37837791825932
22.839672038213333 3.8061495641112435 69.2521755018955
19.945678463161396 1.9688692774783039 68.45007921875673
19.980458235534996 0.18386310008933723 71.73529611554096
22.037914074432404 0.06654267224226829 74.33836965875022
22.016307669599264 1.9590152541626347 1.3605636143662547
22.95758737517565 17.83132646773155 61.73084234879605
22.898829267387804 20.293693314424594 60.79494085353857
22.35688900423752 23.040422457923068 59.21343805247625
18.86123733220757 23.436679733151916 58.43349071154006
16.87691061950016 21.202366102349146 59.14595019770628
16.878405913884976 18.694258382519205 59.83926615897167
26.548928616142348 18.40857367299914 50.40147809022403
25.604147651204958 20.951490193151926 49.86072224995303
22.921422545807317 23.02000730577516 48.888125788650584
21.429645149854583 25.48841597510415 46.27810071705771
21.523977822961356 27.51573563472342 43.46192239401184
19.850541380807037 29.888411639847718 42.3379606470562
22.41340271242239 20.07493375062257 39.49209960197207
23.15974328154944 22.19979274289007 40.738597677867574
22.2884435521643 22.075894434619798 44.24491905517553
19.886537477477933 19.444777770372696 44.626172586429504
19.68800515257999 19.042098114632108 47.64721812013362
20.558830211766963 17.407980236914586 49.45863606473944
21.6676026188755 23.645577168896136 25.043535900857517
21.38203224240665 21.657874095308983 27.32549788018142
19.181265833897427 22.51281222735142 29.837814848526563
18.158351162477945 24.890671535538075 32.049808485374584
19.238426608910082 25.994073543001694 35.11795285088901
19.14839028809837 25.819985303637324 37.4589126462904
23.762684983578804 6.474890022715975 13.368832386666021
23.292935008213625 3.8011234800199563 13.385538385865551
21.64662935859267 0.9373063935514448 14.174786374598105
21.576252238391568 37.08487562359478 15.403905514705306
19.398628362731284 34.4400672868882 17.035758021449226
19.632493832616596 33.25368147134942 18.878578553693863
26.466794518689525 36.6073926009915 17.23814047139421
26.310908566084997 39.41018820731599 16.14694692800618
25.37564363682376 2.25530983720949 17.84660982738997
24.788351347148435 3.070914737694517 21.717014190278913
22.452902959243552 3.815301927675266 24.181320354770293
21.332909474536482 2.3753648103709373 26.530983115937897
18.2505332191366 7.852499810702364 20.61224106578941
17.165259589293463 5.182199658159621 21.073085197042644
17.573624395878408 2.0678958177140108 22.967451099189663
17.291952786936257 39.32243205278979 25.589431823065404
16.972993984127058 38.443435915329914 28.891581655048977
16.754122859276126 39.474755625473456 31.4767157640769
22.72078205460239 17.913339998238342 22.66076840031561
19.612616283744757 16.909252949581983 22.91322778719159
18.229261652528827 13.979638261063185 21.51633265541223
15.16289863683495 12.136769745692478 21.041473408630317
12.273404179209642 10.74379827616825 19.641547473801854
12.766227637091825 8.251560199957554 18.219189081162792
16.55625714334621 18.196080687771413 28.189579132780626
17.136709283819563 16.987996272402302 30.39207493811425
18.473008917471873 14.295570384791725 31.456836387547366
18.88697288870448 11.000364888554229 30.94155063947755
17.153036801431053 7.801937114046416 30.99057379782318
18.079516474995206 5.331135035829298 31.5452487568196
15.455393569716326 16.819257973154457 73.84595150668794
15.829954953178742 16.82976367595268 71.27362227519818
16.059200729070795 13.489019452424527 69.52715960181244
16.844112822945064 10.354315109950798 71.30936004471565
16.65544840328209 7.367642101496117 72.65741806645302
17.426639804935572 4.701812778730847 72.37388597426829
21.117757527148804 9.315715205077725 66.43814461453013
21.301338197161346 9.779736996325747 68.63981340086167
21.43571061957851 8.848434907362682 71.9526559980635
21.13524260528024 7.164391871685676 0.003679474125689808
23.448392310633405 7.688301592755312 2.0599751565869457
25.31593575271026 8.31835320332856 3.426386732395256
20.780637020854236 15.802210230007283 11.075959711044755
18.801521215777804 17.161975346841704 12.039371858886764
15.528482268452345 17.12483361554904 12.297065202801846
12.38267137903644 18.71827662915907 13.021049756377018
11.362650821311977 19.041424129532178 9.945407408182046
10.768477698655053 17.82093895184957 7.9223279929275465
26.022351952089004 12.6142351304907 13.674313703703811
26.293922581545143 15.711956026467844 13.195664473233064
25.368797000092545 18.808015572735073 10.946343777360699
25.26396123410127 22.600298569166796 11.159938288206419
23.817905676309802 25.45551772708812 10.7642914188122
23.972943791356837 27.193615815070256 9.437746322068524
26.232239366462927 21.47267353038384 6.051340718996798
23.30546302609025 20.423457051896627 6.4841958041590475
22.00566324406559 20.682821923141052 9.266973860837933
21.346339324638112 21.449592176355885 12.836059984179952
23.45050139144851 20.81955742141353 15.320874257790814
24.477700865999378 20.954478714635073 17.64501982311506
26.12678569385645 37.57098355246345 3.7779067935306703
27.80703952237719 39.11122062957732 5.435881186031072
29.63671706437725 1.7559437909620075 6.062658059873067
27.492020850444213 4.325098398653299 6.371124046168155
24.54228267198905 3.8820883719640626 7.416129116107128
21.906983543604092 4.379894527759466 7.49976225498562
20.99666739910989 26.003798791612354 65.49523075012299
19.93021735810461 25.466639425246388 63.18962799829488
17.73805806252825 26.895628370925195 60.99345849148454
18.182483446517082 30.103940067750145 59.7506860465136
16.422421420781085 32.953183221263544 58.95986050736642
14.560703362010681 35.02413203207595 60.05260466851292
23.357928253076235 15.48592827271588 43.49766267228864
24.90676259489983 17.504965100290406 44.726236491643554
26.094711805750638 20.70288228740465 44.73656802878972
25.5147771957762 24.36896622949684 45.976411342047896
26.115077352821316 27.390031230725814 47.89987481731839
26.602284489645058 27.075660013731635 50.340612079105284
14.919226966004837 33.43971760573913 32.19906849136118
16.21448300231488 30.91872627581621 32.63380162399853
19.231946924969346 31.241862472312743 34.13845921633481
19.209052223263612 32.724835505739264 37.77217129258269
18.943986544100735 35.74114199796046 36.23532294833104
20.9774635500477 37.479476395296125 35.66582417087185
28.984928423742858 22.102781590943497 21.541424834004108
27.128269498457108 22.55808712662065 23.40651237575155
26.519085284618786 23.3071708675879 26.71307973553608
24.43934507550835 24.908659561280654 29.611045599415707
22.203171590572257 27.4362999424498 30.36159103950151
20.103041289351154 28.509687108295644 28.77789242886845
21.771890618063882 32.83283223914664 24.97142705201781
19.063367748794327 34.1010768376602 25.08829458342934
17.58826981770344 35.952532286401365 22.95394022375801
16.122358324830873 38.522982690478756 21.236123751827694
13.037357914145884 0.24760111232749585 21.635566567849224
11.677610639116391 2.7110789427576374 20.625246340209657
31.165404552945944 14.036615915976101 29.84350362434391
29.197022594024688 12.012188233086121 29.148189662478632
28.464809325010293 9.129741572438137 29.40883333429319
28.08346218633672 5.553425235653574 29.688978561183173
27.682174594705845 3.1353718049565664 27.43050941307356
26.853066688027678 0.6484067120401747 28.068056682783343
24.491998321024035 12.185297025447621 23.92279794405666
22.40771161430527 10.415956772680952 23.976818654492433
20.146977402162186 8.201831463711626 25.83413173806723
17.526309641576244 5.677112899672242 26.127816989385536
14.566992614805313 4.087438631739657 26.569490695829707
12.58352364662254 2.509198418110753 27.412182145946193
17.829071231654172 13.045984501681547 41.949814386756316
17.413960388539113 15.632635141224524 42.60697398450981
15.581706149600866 17.843028350202363 44.681608294311516
14.470725042781735 17.13281079359267 48.00151233749636
15.524628626565812 14.045501316797296 48.931354890287665
15.598535845901514 11.71450471996501 47.37302688267322
20.760248831180675 8.061183278897866 42.74122216795358
18.997588078591864 7.015660139136954 44.57663553705049
18.14592575179375 3.982959637854985 45.39247018004621
18.93458583047531 0.5230220801065315 45.042063868817
20.60123358664126 38.478145025802185 47.419424659908344
20.03898017922511 37.58498217853709 49.850947711295944
13.284091744277069 14.38597909126492 56.78379457278833
14.340893571867293 12.41961875487693 58.45432233854171
17.295544942444 10.675469206827973 59.18391615477827
18.59664427264402 8.57413337271406 61.60918355635739
20.033201893309773 5.597300660764024 61.43511452711625
20.554876025988214 3.4949770380817693 63.52041629257065
18.391625356839413 7.792428657236328 50.94868522555237
18.836099680644775 5.620297173418479 51.12063391213844
20.242196370409317 2.6693735538097227 51.30258208981011
18.553857169064 0.9771307658491798 53.83490762147454
19.3238381363324 0.7707791058263944 56.95146895388365
19.286943891915474 38.78458982275884 59.61600754556957
18.368517774914967 13.528041926455328 63.21583114898044
19.03404447000188 15.056773678342557 65.58788253823255
19.988912925125252 14.439434545207572 69.02970630915607
19.70974745629257 13.482644668553773 72.51271534546035
19.38313246123092 12.294401227768468 0.9318024387367768
17.015393649157723 11.848286105236854 1.9031460224502272
23.05452424191577 20.977237819623184 0.20277627433105894
20.25345593576201 19.99713073789292 0.9782595086460606
20.671165658152063 16.959248334394495 2.9060600564364365
20.114820416699764 14.24300340539419 5.729487302493816
21.053295484018722 11.120438240511113 6.937571648652365
21.700133628745135 10.088332295115174 9.07762810201164
29.768139618894512 16.71336939111627 7.614978120673656
31.132138659534256 16.144037375348447 9.841674961491814
31.44009626007747 15.309371917414168 13.156912530334868
32.07662146529051 15.794339098303 16.632920944632616
29.86660794326064 14.781479924566383 18.700881319327287
27.545651890415687 15.9045478901176 19.26564689873489
21.619135383976676 37.721827904061215 65.28615506880108
21.8130588004483 37.22169579150011 68.0073551912912
24.176570468496873 38.690222934994445 69.8638983779305
26.94820088030257 0.20822312999618353 70.8043867162713
30.1229291990708 39.884329393482474 70.95007061914453
31.371957238334623 38.255372634813135 72.94345356798296
22.13878732088723 27.7859419309645 57.12516213744921
24.646680113646234 28.960143920470767 56.532130844408854
26.98775670220228 30.383842354492067 54.41695759248577
25.37197782509512 32.052985889500356 51.98390059857377
24.49560374956341 33.53344498969002 49.206892362595504
22.890450778186366 32.48220468318038 47.174224652084526
21.565671652636397 20.407607102766857 54.66039398999979
20.66900954409884 22.968277420438966 53.76312565424135
22.03611744849214 25.760245637544195 52.17800374729515
22.03215407737255 29.240813692963943 51.92885595508902
20.13736138848816 32.16611944340719 53.61372818708964
21.735353859236156 35.03969489035675 55.06411856649005
21.99972448824804 19.945880819271647 33.06052413296568
23.445124812372633 22.271180526601878 33.647359968769834
24.18585977462928 24.316451694715784 35.82875439261715
23.951951916370255 26.993558974402 38.230695318969666
23.72517481108107 30.136311825992813 37.32917675100261
24.491367113303777 32.49916949519806 36.69789370997752
28.180623429695117 34.209570646531354 23.614300501478642
27.54542310255854 34.61614392896881 26.491148115299364
26.142845118932026 32.489428149360855 29.100313243807825
25.735702929122937 30.74715554010086 32.21955549961504
27.557171475558736 27.755950342642915 33.38751389074067
28.783432745991135 25.43716660955986 32.91583043745776
29.74626697087803 2.5325947196819034 20.710653610360122
29.034816793539193 39.95501616304244 21.813434590233566
26.167434528979957 39.04304106205741 23.258949105388673
23.2461900319848 37.612987282118496 25.704596618044913
22.573267643012453 36.810830051617266 29.388183646099222
21.60610833672901 34.21769936684678 30.798416059035937
30.502393454921542 11.085028248640985 23.443103789015154
29.133264782293367 8.09544709488795 24.338806565116872
26.468886701812366 6.851260679496973 24.21543021527376
24.72940973312906 7.467617737626356 27.433815164628903
23.27638296580302 8.171269926097816 30.11021354049227
24.448343966556813 8.565100907329235 32.45173392843118
22.69227576022261 15.756029134669657 28.23143809708683
23.388881774967164 14.484393438738078 30.461730634576313
22.735182819168305 13.292726810931034 33.68078099902725
20.534189586784837 11.053826652144522 34.83374797749328
19.1591813561988 8.413645306594061 36.71237327569486
21.24380111646781 6.223224069019506 37.113729715797625
32.00024383836516 15.776265007828654 48.30859868734327
29.84298502336074 14.249338128771312 47.08401410439125
31.293164010393188 11.403059760901312 45.51972265084329
31.343552025711144 8.262735862484774 46.706946825411464
30.410101616938583 5.2774312956514855 47.376605865925974
30.04524244369942 3.5163216067640684 49.36934695567275
24.77155857575829 5.938059341382928 49.416993438170245
23.454637629689266 4.002322210840095 47.75571146878365
22.540789157836567 2.427011570323173 44.574205002883964
20.17634424479262 2.957148658320878 41.708112927729694
17.71895794351051 2.189097345924639 39.83905084982593
16.91125560135241 2.1143358452005834 37.18940929871714
21.62640590139558 11.590350130595038 47.69644242741567
23.802045375168344 12.424731642921973 49.17421694366313
23.926278915512697 14.309588006387088 52.50939820779535
24.5846471545508 12.207897712757214 55.474263820166236
23.340684722678706 9.388433323548524 54.484134694648276
21.473592157538405 8.434826228245274 56.366435683529744
28.984840151868934 8.88501085100688 57.30292797303111
27.918414075639806 6.376638148948327 56.87500542948345
27.185714530472445 5.313097128964442 53.89970772456796
29.2270559957157 2.104720425659204 54.2709424930579
30.14554254220496 0.8230118382721611 57.052849843179175
31.686746515212466 2.1319010136199292 59.061194231172884
26.57568903415771 16.675626792410036 2.562135211886453
24.95711150561566 14.635723713910384 3.9122439057664833
24.15699158123065 15.678098253865675 7.161864658191858
25.788988031768568 13.2830097954399 8.552558964810299
27.828190678981418 10.658821854182314 8.303303565923887
28.002564135206352 8.34800623626291 9.572278301286426
25.9336804506563 6.650288296644784 62.86933855479641
26.516823926563767 7.2219100816412025 65.71791762699492
27.569390381463112 8.526613801323183 68.70518936239391
30.567463710277835 11.53437168683226 69.68660681641398
32.50294373200391 10.387072649787685 72.14178341455245
34.63994367933963 9.168216478008166 73.82680856373156
31.48798171488837 26.669808850941347 5.1260335286042285
29.455466996283473 26.744155983570085 6.966146068620073
28.78019074734552 24.449427402338348 9.465771774770248
29.02326876629432 20.875289868697333 10.434838091367867
29.698687312400587 20.86149538282978 13.44108870742476
30.164859723362902 20.328474469982925 15.657892144730262
29.213700791879265 32.08665649000651 2.601948676610574
30.957878893784617 33.84839454875732 1.4607520618646606
31.763502332352935 36.019487793143504 4.13353497291859
29.965736852244074 35.100988167138055 7.526924121152464
29.149906935450694 35.86964061860798 11.14095979700501
29.875413776329527 34.03763487827974 13.015864381133458
23.811854913063197 32.17674133205485 74.30437550468268
24.963280739533474 34.639444876606944 73.16895228810762
26.293847577472995 37.21671300164531 73.60816702833685
27.244513524015105 0.6935244027114547 0.2737915187564581
28.073963697016822 3.494434559603823 1.1740983669060359
29.48963817696442 5.56033775918419 74.35798867419072
31.13133845217805 21.01334606796841 45.791066400433465
30.91538212407452 23.180071465012833 47.45178717746508
31.21702192126851 26.27433811208465 47.14536401931488
30.187592203031105 28.651255729358265 45.39704092970941
28.896271128252568 31.142822579006204 43.26804621313878
26.574266724123166 31.08186742792413 42.45801654206803
27.539606742135398 14.071847738332918 34.76212755699627
25.84576779318107 16.509779620137337 36.09553984608724
26.718846885188505 19.493196715045567 36.69861095994611
28.103059447602323 22.85123880466641 37.349747190967115
28.530317670601665 25.67051456914045 39.354707197338975
28.411396684851574 25.036060492583683 41.83699157314767
33.2865585556421 13.7265277898679 37.11825631591362
33.10722686162269 16.07248686081451 36.5662622787813
31.03867783052194 18.509409809543026 36.47664678844784
30.352480033956866 20.712493370485586 34.4164033533695
28.859837889122332 19.471203376466896 31.623942576758335
27.244739690605 19.519660677549552 29.74988856204031
25.9335859455607 28.421643467238997 25.634333611015737
27.780692577156596 28.159190776525367 27.102345265623537
30.01638835542785 29.181887274018443 29.521959155285863
29.628120158621492 32.31468536980394 31.345534478067155
28.908556875998688 34.99102802614363 32.910111879539805
27.129094202497484 36.90897216647378 33.09806987776649
33.205776683657206 6.995645937444653 28.867518012516285
33.32114890237517 4.370444269570632 29.43445720327855
32.24706231717024 2.4612564422913383 31.967134293061697
28.51174804865778 1.880181836517297 32.74221696367347
25.443293624640464 2.779302688741078 33.9453618351938
23.11919515038643 2.1423235722518883 32.69976094305887
23.962134125851335 11.348185135951319 38.95590188127306
25.94218144508894 9.403340253817746 38.350308097366394
26.578959950015946 5.989951278838423 37.9072570477313
28.04770301545224 3.07041656854162 39.14099917048427
27.56771816549619 39.604385605871585 38.448629569632836
28.381871813807887 36.49477966059774 39.30637387672352
36.34596769455561 7.398072888801509 34.927481820023694
35.989794547982505 5.290884050752232 35.027773654230174
34.40908463543089 2.783473581646141 35.70224828765461
32.61820017842947 2.0364316473873223 38.68426023577034
32.40398163817036 1.0930185958438645 41.68906236707355
32.715306980960555 0.6568167000089308 44.056332476259065
26.746168829090323 39.808623432479855 45.05069935083466
27.343319257126137 37.207898698636804 45.44092177474397
30.23276143454869 35.90648218807099 44.65473314297603
33.10995646456191 36.27824634921213 46.75025829060775
31.870912827508153 37.77793073200381 49.425311919992126
32.05909403545487 37.986821831399844 52.05789270789703
26.49043696966383 9.4959010899094 44.504979759324556
26.46495411685733 6.074807117814867 43.23691334896778
24.262949585222753 4.140821635223547 40.885374896756474
23.01167711730231 1.2689412808240705 39.00062997832699
22.342917182838487 38.23727052994939 41.28178000095802
22.49848521928557 35.27045457403804 41.80193796026911
25.79148917064132 39.51789449073857 51.09927452731526
24.499352641129725 0.7047324312562407 53.50221354258918
22.92350318574451 3.8403895074420378 54.076638946720585
23.690006790309088 3.9680424021468363 57.51719489415287
24.825730800384765 1.631799665686079 59.68741992972902
25.05366854228642 39.01547869014156 60.225331813383804
22.49313895105736 20.3704327577757 67.31474913292433
21.670770665524262 19.547159812955286 69.44395961077022
21.28318038900083 17.162689518355894 71.6759162839677
23.08969688933803 15.313034781031883 73.93794355469461
24.926989798176912 12.55474561057975 73.19628435205641
26.41501210130082 11.030963157061901 72.81518852963373
29.659074377994145 22.456656212139613 1.0784028455502015
31.306891921413772 20.477441402947523 2.262159246027019
34.52600896036913 19.063330593493884 3.0673643377846034
34.21422717647626 15.76425336827031 4.097570691579166
31.899144101361397 13.805610146190551 2.788934835806575
30.258429009108287 11.754296876005474 2.646671300040495
23.67643977214559 31.765766008864198 5.129574736455172
25.22984072645779 32.5919731840407 7.207465284170009
28.078800543048942 31.180130585745882 8.420921797627667
28.53515376489759 29.7696591078771 11.442407222408852
28.978627681845175 27.50526583973451 13.891617334698346
27.510004949678525 26.01595075168748 15.52358637317373
23.178413858521246 31.277966265908805 68.0891879040408
25.672102881149634 29.702190233242554 67.14964993121147
29.190903572563727 29.839940758006822 66.47477610072575
31.64148955833556 30.960961447576427 68.54458782768137
34.55910856077397 31.469696410664117 70.76385229302974
35.40540581390008 33.43000484062985 72.10717370992779
32.92649846284618 27.376681596791723 60.672264991092426
30.263415407989843 27.661675288520517 61.69613942239224
28.252681027368812 30.144554138667534 60.65752562830674
27.484321990321487 32.679769924927086 63.16445150414624
27.192607647596972 35.09588361515029 64.82682996248613
27.587608294251854 35.53684487555603 67.6355718439671
27.944732620737216 35.25161400015164 55.15393240293515
27.249260862956373 34.39725767768413 57.71409093990909
29.3231162312102 35.76231774381846 60.460948094285875
30.105622471996625 38.61685767968767 62.48800866109111
29.131750091242054 1.5375811937577046 64.40163562834059
26.858025335542877 1.1846850021132058 65.71932165942003
32.227389177792666 20.031882392616634 52.72536837705461
32.905257506027446 20.892773554794957 55.3104700743748
32.44439634154355 22.875960083209296 57.77588361778726
29.440418058551806 22.854353202173126 59.80931805773704
27.374436029627855 23.8708742737165 57.83471844605524
26.8517209713288 23.525634141748274 55.113281888747004
