GROUP 6
1
2
3
4
5
6
GROUP 6
7
8
9
10
11
12
GROUP 6
13
14
15
16
17
18
GROUP 6
19
20
21
22
23
24
GROUP 6
25
26
27
28
29
30
GROUP 6
31
32
33
34
35
36
GROUP 6
37
38
39
40
41
42
GROUP 6
43
44
45
46
47
48
GROUP 6
49
50
51
52
53
54
GROUP 6
55
56
57
58
59
60
GROUP 6
61
62
63
64
65
66
GROUP 6
67
68
69
70
71
72
GROUP 6
73
74
75
76
77
78
GROUP 6
79
80
81
82
83
84
GROUP 6
85
86
87
88
89
90
GROUP 6
91
92
93
94
95
96
GROUP 6
97
98
99
100
101
102
GROUP 6
103
104
105
106
107
108
GROUP 6
109
110
111
112
113
114
GROUP 6
115
116
117
118
119
120
GROUP 6
121
122
123
124
125
126
GROUP 6
127
128
129
130
131
132
GROUP 6
133
134
135
136
137
138
GROUP 6
139
140
141
142
143
144
GROUP 6
145
146
147
148
149
150
GROUP 6
151
152
153
154
155
156
GROUP 6
157
158
159
160
161
162
GROUP 6
163
164
165
166
167
168
GROUP 6
169
170
171
172
173
174
GROUP 6
175
176
177
178
179
180
GROUP 6
181
182
183
184
185
186
GROUP 6
187
188
189
190
191
192
GROUP 6
193
194
195
196
197
198
GROUP 6
199
200
201
202
203
204
GROUP 6
205
206
207
208
209
210
GROUP 6
211
212
213
214
215
216
GROUP 6
217
218
219
220
221
222
GROUP 6
223
224
225
226
227
228
GROUP 6
229
230
231
232
233
234
GROUP 6
235
236
237
238
239
240
GROUP 6
241
242
243
244
245
246
GROUP 6
247
248
249
250
251
252
GROUP 6
253
254
255
256
257
258
GROUP 6
259
260
261
262
263
264
GROUP 6
265
266
267
268
269
270
GROUP 6
271
272
273
274
275
276
GROUP 6
277
278
279
280
281
282
GROUP 6
283
284
285
286
287
288
GROUP 6
289
290
291
292
293
294
GROUP 6
295
296
297
298
299
300
GROUP 6
301
302
303
304
305
306
GROUP 6
307
308
309
310
311
312
GROUP 6
313
314
315
316
317
318
GROUP 6
319
320
321
322
323
324
GROUP 6
325
326
327
328
329
330
GROUP 6
331
332
333
334
335
336
GROUP 6
337
338
339
340
341
342
GROUP 6
343
344
345
346
347
348
GROUP 6
349
350
351
352
353
354
GROUP 6
355
356
357
358
359
360
GROUP 6
361
362
363
364
365
366
GROUP 6
367
368
369
370
371
372
GROUP 6
373
374
375
376
377
378
GROUP 6
379
380
381
382
383
384
GROUP 6
385
386
387
388
389
390
GROUP 6
391
392
393
394
395
396
GROUP 6
397
398
399
400
401
402
GROUP 6
403
404
405
406
407
408
GROUP 6
409
410
411
412
413
414
GROUP 6
415
416
417
418
419
420
GROUP 6
421
422
423
424
425
426
GROUP 6
427
428
429
430
431
432
GROUP 6
433
434
435
436
437
438
GROUP 6
439
440
441
442
443
444
GROUP 6
445
446
447
448
449
450
GROUP 6
451
452
453
454
455
456
GROUP 6
457
458
459
460
461
462
GROUP 6
463
464
465
466
467
468
GROUP 6
469
470
471
472
473
474
GROUP 6
475
476
477
478
479
480
GROUP 6
481
482
483
484
485
486
GROUP 6
487
488
489
490
491
492
GROUP 6
493
494
495
496
497
498
GROUP 6
499
500
501
502
503
504
GROUP 6
505
506
507
508
509
510
GROUP 6
511
512
513
514
515
516
GROUP 6
517
518
519
520
521
522
GROUP 6
523
524
525
526
527
528
GROUP 6
529
530
531
532
533
534
GROUP 6
535
536
537
538
539
540
GROUP 6
541
542
543
544
545
546
GROUP 6
547
548
549
550
551
552
GROUP 6
553
554
555
556
557
558
GROUP 6
559
560
561
562
563
564
GROUP 6
565
566
567
568
569
570
GROUP 6
571
572
573
574
575
576
GROUP 6
577
578
579
580
581
582
GROUP 6
583
584
585
586
587
588
GROUP 6
589
590
591
592
593
594
GROUP 6
595
596
597
598
599
600
GROUP 6
601
602
603
604
605
606
GROUP 6
607
608
609
610
611
612
GROUP 6
613
614
615
616
617
618
GROUP 6
619
620
621
622
623
624
GROUP 6
625
626
627
628
629
630
GROUP 6
631
632
633
634
635
636
GROUP 6
637
638
639
640
641
642
GROUP 6
643
644
645
646
647
648
GROUP 6
649
650
651
652
653
654
GROUP 6
655
656
657
658
659
660
GROUP 6
661
662
663
664
665
666
GROUP 6
667
668
669
670
671
672
GROUP 6
673
674
675
676
677
678
GROUP 6
679
680
681
682
683
684
GROUP 6
685
686
687
688
689
690
GROUP 6
691
692
693
694
695
696
GROUP 6
697
698
699
700
701
702
GROUP 6
703
704
705
706
707
708
GROUP 6
709
710
711
712
713
714
GROUP 6
715
716
717
718
719
720
GROUP 6
721
722
723
724
725
726
GROUP 6
727
728
729
730
731
732
GROUP 6
733
734
735
736
737
738
GROUP 6
739
740
741
742
743
744
GROUP 6
745
746
747
748
749
750
GROUP 6
751
752
753
754
755
756
GROUP 6
757
758
759
760
761
762
GROUP 6
763
764
765
766
767
768
GROUP 6
769
770
771
772
773
774
GROUP 6
775
776
777
778
779
780
GROUP 6
781
782
783
784
785
786
GROUP 6
787
788
789
790
791
792
GROUP 6
793
794
795
796
797
798
GROUP 6
799
800
801
802
803
804
GROUP 6
805
806
807
808
809
810
GROUP 6
811
812
813
814
815
816
GROUP 6
817
818
819
820
821
822
GROUP 6
823
824
825
826
827
828
GROUP 6
829
830
831
832
833
834
GROUP 6
835
836
837
838
839
840
GROUP 6
841
842
843
844
845
846
GROUP 6
847
848
849
850
851
852
GROUP 6
853
854
855
856
857
858
GROUP 6
859
860
861
862
863
864
GROUP 6
865
866
867
868
869
870
GROUP 6
871
872
873
874
875
876
GROUP 6
877
878
879
880
881
882
GROUP 6
883
884
885
886
887
888
GROUP 6
889
890
891
892
893
894
GROUP 6
895
896
897
898
899
900
GROUP 6
901
902
903
904
905
906
GROUP 6
907
908
909
910
911
912
GROUP 6
913
914
915
916
917
918
GROUP 6
919
920
921
922
923
924
GROUP 6
925
926
927
928
929
930
GROUP 6
931
932
933
934
935
936
GROUP 6
937
938
939
940
941
942
GROUP 6
943
944
945
946
947
948
GROUP 6
949
950
951
952
953
954
GROUP 6
955
956
957
958
959
960
GROUP 6
961
962
963
964
965
966
GROUP 6
967
968
969
970
971
972
GROUP 6
973
974
975
976
977
978
GROUP 6
979
980
981
982
983
984
GROUP 6
985
986
987
988
989
990
GROUP 6
991
992
993
994
995
996
GROUP 6
997
998
999
1000
1001
1002
GROUP 6
1003
1004
1005
1006
1007
1008
GROUP 6
1009
1010
1011
1012
1013
1014
GROUP 6
1015
1016
1017
1018
1019
1020
GROUP 6
1021
1022
1023
1024
1025
1026
GROUP 6
1027
1028
1029
1030
1031
1032
GROUP 6
1033
1034
1035
1036
1037
1038
GROUP 6
1039
1040
1041
1042
1043
1044
GROUP 6
1045
1046
1047
1048
1049
1050
GROUP 6
1051
1052
1053
1054
1055
1056
GROUP 6
1057
1058
1059
1060
1061
1062
GROUP 6
1063
1064
1065
1066
1067
1068
GROUP 6
1069
1070
1071
1072
1073
1074
GROUP 6
1075
1076
1077
1078
1079
1080
GROUP 6
1081
1082
1083
1084
1085
1086
GROUP 6
1087
1088
1089
1090
1091
1092
GROUP 6
1093
1094
1095
1096
1097
1098
GROUP 6
1099
1100
1101
1102
1103
1104
GROUP 6
1105
1106
1107
1108
1109
1110
GROUP 6
1111
1112
1113
1114
1115
1116
GROUP 6
1117
1118
1119
1120
1121
1122
GROUP 6
1123
1124
1125
1126
1127
1128
GROUP 6
1129
1130
1131
1132
1133
1134
GROUP 6
1135
1136
1137
1138
1139
1140
GROUP 6
1141
1142
1143
1144
1145
1146
GROUP 6
1147
1148
1149
1150
1151
1152
GROUP 6
1153
1154
1155
1156
1157
1158
GROUP 6
1159
1160
1161
1162
1163
1164
GROUP 6
1165
1166
1167
1168
1169
1170
GROUP 6
1171
1172
1173
1174
1175
1176
GROUP 6
1177
1178
1179
1180
1181
1182
GROUP 6
1183
1184
1185
1186
1187
1188
GROUP 6
1189
1190
1191
1192
1193
1194
GROUP 6
1195
1196
1197
1198
1199
1200
