       -4.2118840418      -19.5604389193      -32.9238524621
       -3.3848469838      -18.2177039305      -29.4976747556
       -0.0672060673      -16.5100917414      -28.9170294741
        2.3744778348      -18.6891498936      -30.9011061358
        5.5232586726      -18.7532199143      -28.7655911509
        5.4614872715      -15.5132633521      -26.7917647051
       12.5621286278        9.6805077158       32.7324987952
        9.4296550306        7.7681050286       31.8329313417
        7.8015223749        5.0939994339       33.9769067650
        4.6842013733        3.4592655876       35.4199561239
        4.4731477381       -0.1720512915       34.3329626293
        6.4266916340       -3.4152592799       34.3334803509
        2.3433657051        9.0324568870       33.5666138666
        2.2510161538        6.5398586574       30.7289981032
        3.8129076763        3.4156404344       29.2654543348
        7.4324359131        2.4227916567       29.8526819625
       10.7950911813        0.7237237888       30.1948450796
       13.5128038141        1.7833748085       32.5934010947
       23.6214870005       16.0892773931       18.0540869895
       21.3269790819       13.8521175887       16.0471262095
       19.3204665654       10.7338133970       15.2284860625
       17.0713944932       10.1880728380       18.2594795356
       18.1790266432       10.1335529057       21.8654574113
       21.3854117496       11.4919015462       23.3210739356
       -9.4506569994      -27.9797985133      -21.4354469376
      -10.6723646913      -26.6941482735      -18.0996192127
       -9.2406485644      -23.2857909214      -17.2338847080
       -8.3765240966      -21.7560255587      -20.6334961664
      -11.6856007142      -20.4901269724      -21.9553337281
      -14.5037653795      -22.6772198884      -23.1911316738
       20.4188251444       26.1081162477       10.2337587810
       19.7211227997       23.2111054275        7.9117138319
       20.7782062728       20.4477319168        5.5604898027
       21.5236775561       17.6557941553        3.1083511370
       19.1990165012       14.7987616497        2.2242233633
       19.5413564050       13.0570233248       -1.0728432209
       12.7680885748       28.2322205736      -20.5261690991
       13.3621480844       24.9264961243      -18.7692719452
       10.5183363536       24.2543127602      -16.3315229538
        8.1853538591       27.2480264157      -16.6487902763
        5.1363002444       29.4372577277      -17.1144471035
        1.7132286335       28.1680938366      -18.1283083689
       16.1226731468       21.8470259980      -13.1818866615
       12.9567555160       21.1988693178      -11.2255628445
       10.1772603849       20.3176034803      -13.6191409912
        6.9663282639       20.3944472083      -15.6660305337
        4.5586184121       22.8378533037      -14.0355255932
        6.6349483727       24.6519314800      -11.4644549923
       20.7124880316       -3.5564101289        3.5392494825
       17.6305075743       -3.5389629076        5.6917282157
       18.6866081842       -1.1748937961        8.4728099931
       20.3038827617        1.8330086951        6.7873354757
       20.7339416048        3.8176496093        3.5891912662
       20.2059246692        7.5691571107        3.8212912598
       31.3836022075        6.8654161084        4.1365426902
       27.6925585174        6.5289051350        4.8235669101
       25.1382808252        6.0929087464        7.5649714271
       23.8734806221        9.5773444619        8.4185936192
       25.9258584526       10.9292936802       11.3049655365
       29.5545232686       11.0999924174       10.1927173746
       27.1814943601      -13.3349886979        1.3948514630
       23.8654827401      -11.6639393862        2.1331094157
       23.6700541808       -8.1188769982        0.7917060674
       22.9876045792       -5.3184129057       -1.6843526612
       22.9706830777       -2.4866226101       -4.2145807733
       20.6117034540        0.1360928280       -2.8013658015
       17.6453837067        6.9343128988       28.4570870437
       14.5792532297        5.8502738094       26.5274268155
       14.5497072165        2.3134924181       25.1578972959
       16.4719669084       -0.2621010149       27.1595339431
       19.6851694318        0.0127315585       29.1591556827
       22.1729546773       -2.4931831874       27.7600873213
       12.5121235437      -14.1557408116       28.4519526301
       15.4061599866      -12.0958394792       27.1404317633
       17.5091517210       -9.0781444768       26.1954485521
       17.7312543410       -5.5612835755       24.7900205178
       18.4560001006       -3.6340536748       21.6075829311
       19.6257151953       -3.4507747182       18.0163317279
       -4.3072719249       19.3705911946       25.3435380251
       -3.4636738275       17.0086575341       22.5125123530
       -2.8613478009       13.3059352448       22.2040097901
       -2.0913071683        9.6784730358       21.3923111895
        1.4008750258        9.8063123550       19.9108368200
        3.3535955535       12.7026199853       21.3975100884
      -28.3641576372       14.3658627738       -6.1332095638
      -25.4127667722       12.3611973426       -4.8796325752
      -23.9328189325       11.2233521621       -1.6119044810
      -26.1353438495        8.9914673791        0.5361880155
      -27.7826567433       11.2890403961        3.0884696771
      -30.4589194055       13.0084480130        0.9837163574
       -5.0096472738       29.2184767199      -15.1256086312
       -6.6335972391       29.5950624624      -11.7232875023
       -8.5052408826       28.8872523357       -8.4955403150
      -11.4757707338       26.6925798022       -9.3671628578
      -14.9126501784       25.1475950474       -9.7188032107
      -16.8499651667       23.9290441107      -12.7372811907
        6.3714671604       -2.7489142810       20.2850649700
        6.0789912649       -0.3170673315       17.4564339008
        5.0254294285        3.3025678198       17.1954053021
        3.5332455946        4.2526726343       20.5634488893
        1.3910992488        2.3896737443       23.0864793010
       -1.3478078538        4.4179535137       24.7037862341
       14.8021948617       28.2671390426        5.7741193002
       12.8372182083       25.4208531552        4.2447713050
       10.1050470250       22.7871535599        4.3377779425
        6.5758665662       23.6463643315        5.4415188016
        6.8171667144       26.2310952771        8.2012289811
        8.6972983756       29.3127868103        9.3260069686
       16.5195680405      -23.7463922663       16.5193864941
       13.5636280378      -21.4656562099       17.0685374974
       10.6230093342      -22.3606539914       19.2977667896
        7.9021150488      -20.1655049422       20.7727730457
        8.3483259958      -16.4715677255       20.0270555794
       10.6793015866      -13.7739897644       21.2384631135
      -10.6258581537       18.9208379596        4.1630562981
       -8.6510211582       15.8892469186        3.1256177897
       -8.6643940523       12.7995024407        0.9436996406
       -8.0049756097       11.1273466519       -2.4160094790
      -10.8743545056       12.1236664048       -4.7467486191
      -11.8195699076       15.5436341989       -3.4606246442
       13.4571698214       10.4627098997        1.9056608730
       10.1040644564       11.2835066734        0.3285988961
        8.2400563490        8.0681467777       -0.3729385475
        7.0554935014        8.1130387975       -3.9765035705
        7.0584964183       10.8985551908       -6.5312199832
        9.1511846303        9.6192897814       -9.3992118126
       27.5046336946        6.3371568956       -9.3433324833
       25.2722589745        4.2720503738       -7.1065807188
       22.1224085209        5.3117972537       -5.3463206470
       22.7029093597        6.1084366196       -1.6852005307
       25.2360408691        8.9063465135       -1.4105372667
       28.8253199215        9.1515612349       -2.5530286318
       23.7683806607       10.7821893181      -14.4703518619
       21.0302274743       13.3708998297      -14.5731761404
       19.2132008846       16.6724996363      -14.8991358883
       21.0843981055       19.3906586628      -16.7572440113
       20.4706035002       22.4421547049      -18.9284925625
       19.5537873496       22.1264718557      -22.6002756379
       26.2117127155      -20.4995930938        7.3606725021
       23.7321035214      -18.1038119713        5.8172540537
       20.2534180528      -17.0368186026        4.8861995416
       18.5403636416      -13.8513823822        3.7872833868
       14.8227625467      -14.5993446579        3.7980497069
       14.3158458369      -17.1204721580        6.5503190407
       18.2466103011      -19.0748321392      -15.2235384168
       16.0519713617      -16.7891832207      -13.1512638375
       13.9552023954      -13.6066828098      -12.9801393705
       11.2562063645      -14.1917744887      -10.3623932886
       11.5631774326      -16.7032794322       -7.5291511490
        9.6691831139      -19.7132451182       -6.3112034565
       -7.7486246715        2.0418838654       14.0051953010
       -8.7230381457       -1.4842620767       14.8879733450
       -6.8749435004       -4.7111714448       15.5849335907
       -3.5545974158       -6.0732105525       16.7931041313
       -0.6239462142       -8.3899939688       16.0509633709
        2.2664727430       -6.0650436885       15.3712671561
        1.8228613061      -32.3403072132        6.7213514139
        2.0671368780      -30.1015679886        9.7752750860
        2.7127780723      -27.3392717041       12.3107986037
        6.3676432514      -26.4024441020       11.6502935357
        8.3097699586      -29.1997460518       13.3421340278
       10.0964143999      -27.6935074804       16.3293730132
       13.8851036801      -19.6592339622       23.9801567915
       16.6770375392      -17.6144985528       22.3837252687
       15.6997815172      -16.2583589297       18.9735283708
       17.6293371985      -16.9923395452       15.7857764277
       21.1779057479      -18.0784558137       16.4995175708
       24.1764673989      -18.6048517385       14.2270594258
       -9.2256373677       -1.1219556774      -33.7780612740
       -5.7335624176        0.1205201586      -34.5923086442
       -2.9424637290       -0.6339512848      -32.1620431787
        0.4199011607       -0.1333421401      -33.8681931669
        1.3208391506       -3.1117709845      -36.0126242586
        1.6359394645       -6.8140454371      -35.2968142854
        2.3491259206      -22.7033514361       22.7104811438
        1.7545740336      -19.1966522495       21.4055705493
       -1.2132637333      -17.2160540866       20.1240125100
       -2.5011767070      -15.3875702548       23.2016091079
       -2.1421511979      -15.8784935624       26.9223069143
       -0.7511790074      -19.0509322386       28.4394260456
       -9.1118907237        3.4210399815       34.6457395791
      -12.5652803439        2.0775503099       33.8423486477
      -13.1398618205        2.1988418493       30.1022886587
      -11.3575563447        5.1267671836       28.4570376668
      -12.2039932118        8.3754255023       30.2121893941
      -12.2831113349       10.1086921522       33.5624870037
       15.3237255315       -5.4275425105       30.5649826249
       11.7680366804       -6.6638733440       30.8986852737
       10.7628301314       -9.9415573618       32.5245423893
        7.6193134498      -11.0138352692       30.6514480024
        4.6426172854      -10.4686517963       32.9367370400
        1.4410861403      -12.3369560989       32.1322909712
        5.9145753163       29.3729486842       16.2531969880
        7.0426727299       25.8343321013       15.5630197556
        7.3827859674       22.9034095086       13.2108069141
        9.1223087697       19.8596766183       14.6743975202
       11.7385573129       20.2267566735       17.3831588167
       12.3152217246       23.1618961795       19.6839554880
      -22.8871860406       20.2387571291       14.5281714126
      -23.8596091337       16.6891565954       15.4669163449
      -21.8777827676       13.6221993538       14.4827893264
      -23.7905200791       10.6105242014       15.7774008393
      -26.4595534814        8.4230640804       17.3023456111
      -28.9706769329        6.3679237824       15.3552269790
        1.4012394838        1.8245445050       -2.7311037731
        4.0144749999        3.9923150631       -1.2210411693
        7.4555525270        2.5915420999       -0.5943391970
       10.6148268160        3.9843448229       -2.1209378372
       13.0819386462        6.2224589982       -3.8945200581
       16.7816575177        6.5110524864       -3.1439240560
        0.7228386019       13.6528127745       -9.3420077954
        0.4993848978       11.7222046977      -12.5847438770
       -1.7548215415       12.1854160258      -15.5810503523
       -5.3841092866       11.9156652259      -14.4984758018
       -8.3816837782       10.6973774443      -16.4826695058
      -11.8572831496       12.0727075291      -15.9835188413
       -0.8155782487       20.9667271266      -28.7914688540
        0.1069488531       22.4740876052      -25.4326439677
        1.5022454962       20.2661796601      -22.6981800380
        3.0192770376       22.3861839802      -19.9315125326
        6.6086730837       23.1635266172      -20.9395417814
        6.5229136322       25.9090810241      -23.5448734225
        4.8147507925       16.0895669306      -19.7812348473
        2.0159655617       16.9069059219      -17.4608730502
        1.4656364045       17.7970333263      -13.8070744579
       -2.2446201340       17.1168748093      -13.4872482325
       -5.4811853715       17.6383678542      -11.6990655492
       -8.4608017957       15.5638905363      -10.7306987054
      -11.7155677828       -6.6535059537        3.6198520334
      -13.0137917416       -4.0134789776        1.1819528583
      -14.1626122296       -5.9207758802       -1.8780554613
      -15.2621981835       -9.4428542405       -0.9874593735
      -15.3070167945      -12.7614159580        0.7933843847
      -14.3373341530      -16.4012530775        0.4201679877
      -11.1423716710      -17.1615425624      -15.6309596729
       -7.5045960228      -17.5293438503      -16.4866136277
       -4.9055165027      -14.8103798359      -16.3381893236
       -2.0478376836      -13.6537003000      -18.5736390426
       -1.5378369104      -10.0677466223      -17.4791900438
       -4.5554575921       -8.6767290866      -15.6612610797
       15.1355907895      -25.3428931952      -17.9173951811
       11.9489520126      -23.4488371890      -17.2343242004
        8.2177873502      -23.0973026531      -16.5857395765
        4.8143817012      -23.0739325703      -14.8626175205
        1.9539639483      -25.1069885759      -13.4069956059
       -1.0195732370      -25.7977096512      -11.2090608970
        5.5761333190      -12.5410067086       14.6451918811
        2.8461402033      -15.1072688105       15.0929029607
       -0.3651061377      -14.3384699601       13.2120296498
       -2.7691871999      -14.0671762905       16.1442731830
       -5.4566781034      -13.1118175990       18.5846768497
       -7.7311055722      -10.1391119452       18.4136409696
        9.1983881407      -31.0617018592        6.2449758289
        7.5968457049      -27.6656660034        5.8704753220
        4.1517570271      -27.1909255172        4.3589613657
        3.5555621927      -23.4367602445        4.6249173946
        2.6895874471      -22.8740371741        8.2813305017
        1.5764019693      -19.6245124553        9.7865935994
       12.8282029555      -12.0969731381       11.3237661649
       12.2817293251      -14.8379686811       13.8902189534
       12.5551850244      -18.1989057993       12.1692384134
       16.1598657092      -19.3747171843       11.9169353260
       18.9076898515      -21.2633739196       10.1344195541
       21.0082386028      -24.3600315242       10.6297054937
      -30.0039148843       -1.1463957545       13.6885257400
      -26.6132901465        0.1654816470       12.6716609482
      -24.2814389842        3.1073118287       13.1030192668
      -24.0771233142        6.5833163922       11.6024418058
      -23.6874360484        9.8753366912        9.7292292701
      -26.9093554989       11.7244260113       10.5558987979
      -18.0186379911        8.9302446216       14.2660251696
      -19.8386161227        6.0310643270       15.8055824545
      -18.6603701479        3.3683566743       18.2105930606
      -19.0111456336        3.4830511136       21.9926167894
      -20.3351369166        2.8675785935       25.4981671443
      -18.2898404245        4.8614846349       28.0164712082
      -23.6411888345       -4.1043328059       24.3051343964
      -19.8668584518       -4.0625828999       24.1308222515
      -16.6264433427       -6.0261027318       23.9123116380
      -15.6633067903       -6.3163212419       20.2547873756
      -13.9381234925       -6.1179696215       16.8860644254
      -13.8315950138       -9.4255590732       15.1131363355
      -13.6234207895        0.6979677497       24.3773970828
      -14.6011038132       -0.3234897272       20.8967851101
      -17.7241450262       -1.6790368253       19.2731529075
      -21.2447388252       -0.3333315726       19.7045196348
      -24.3561017474        1.7887246281       19.3693264979
      -27.8142235667        0.6224537888       20.3367657615
      -19.2739230692        4.3075366132        8.7675641706
      -21.9899264745        2.0271714095        7.4777396642
      -22.7966354863        2.3173360573        3.7905628863
      -26.1613913261        0.6205914176        3.2072452920
      -28.0157471056       -1.7650692110        5.4586886318
      -31.5265712785       -2.5432165889        6.5932716873
        1.3551448326       31.3393550708      -11.0029751905
        0.4082994596       27.6878147779      -10.7571533774
       -0.7723095349       26.6763054778       -7.3178675058
       -3.6621172650       28.9871294868       -6.5006759095
       -3.8730024788       32.6888733740       -5.7767697279
       -7.4419449370       33.8448756737       -5.2018483006
       12.9185566579        5.1255652703      -32.4946705895
       14.0304818928        1.8035097156      -31.0048075192
       10.9914413820       -0.0434460472      -29.7113747607
        8.4323172748        2.7439404906      -29.2464663779
        5.5665116551        2.1560393073      -31.6313338073
        6.6475582562        2.0534428936      -35.2473303600
       11.3716260525      -14.8230983214      -31.2466978958
       10.8038654997      -11.0638421063      -31.2252514638
        7.7078334514      -10.3753575821      -29.1260808572
        5.6013413455       -7.7861023672      -30.9399400216
        7.5637319220       -4.6213950793      -31.6132563371
       10.2964020999       -4.1856907183      -34.1845819310
        1.2843154911       -3.3072785453      -28.7754290017
        0.5049261734        0.0079273418      -27.1951946160
       -1.5764258175        3.1164131819      -26.6190025896
       -3.5558101374        3.7124989188      -29.8218250209
       -1.0428818622        5.3879433793      -32.1411850093
       -1.5351518083        9.1086484734      -32.6398297244
       25.4972985533       -7.6800488969       -9.9142106114
       21.7721330289       -7.0319002360       -9.8657502316
       20.1713355350       -7.3047164889       -6.4420177287
       22.5303409722       -9.2301144579       -4.1784998349
       23.5264815387      -12.7154566250       -5.2001910387
       26.5487581761      -14.5888704894       -6.4698101324
        4.6775287181       -9.6071145415      -14.2633878716
        8.3410170139      -10.3567725224      -14.3163954667
        9.8457632790       -9.4258607849      -10.9955663878
       11.6226367977       -7.3392738235       -8.3744955927
       14.1707897998       -9.8139171179       -7.0393878357
       17.0177567163      -12.1620579235       -7.7820992697
      -15.3817056609      -26.7519362382        1.7443677776
      -17.5331340715      -23.9237833409        0.4492285429
      -18.2771717499      -20.7205811477       -1.4229002499
      -18.5482908853      -21.4552290071       -5.1389871724
      -18.8479255899      -24.7706274645       -6.9181534427
      -20.6904936868      -24.8071068850      -10.2308507091
      -24.2225872232      -22.0070748683       -2.8736334833
      -24.9578169631      -20.4147196438       -6.2438717012
      -21.9163971776      -19.0721826855       -8.0635585018
      -19.4465379519      -16.9451611331       -6.1221372629
      -20.8120104620      -15.5152297417       -2.9050637704
      -21.5625627143      -11.8310987605       -2.7052878520
       23.4036364613        4.6000723975       24.5225833194
       20.3969393859        3.0578966629       22.8286834848
       20.0440862900        2.6064707711       19.0901076762
       20.0183314623        6.1752747416       17.7157687573
       23.6416259149        7.2593260514       17.6348185012
       26.7643164403        9.2003464200       18.4814850559
       22.5618337059      -18.5962143565       -1.2161979664
       19.2176207445      -16.8169230786       -1.3887451953
       15.9221829884      -15.4840054426       -2.7415632324
       13.2318828803      -17.8229709883       -1.4304605205
       11.7309286224      -20.7239845343        0.4514417933
        9.2171174072      -20.6562361926        3.2739643467
       24.8033640566       12.9126067001       -7.4876930576
       21.6545284204       10.8084911423       -7.4544594271
       18.5196641748       11.3692036432       -9.4998407388
       15.1924022362       10.3600566810       -7.9662593272
       14.2405817481       13.0125902057       -5.4444435015
       12.2239919263       16.1275682802       -5.8414102863
      -23.2039528439      -11.9245268369       14.9262690818
      -20.3840978560      -10.4056070511       12.9115619208
      -19.3123567552       -6.9444812130       14.0198384934
      -20.1775856836       -5.6821184923       17.5127188582
      -23.9190172301       -5.1112858801       17.2035769137
      -27.2832299010       -6.5380985226       18.1326838284
        7.2287970839      -20.5378008507       14.2915061276
        4.6103615621      -22.6643134150       15.9159680792
        1.0632308372      -21.3329186344       15.6796029752
       -0.8026824758      -23.7485866786       13.4122781210
       -3.5135805976      -25.8495093139       11.8356718880
       -4.8821920635      -29.1794030546       10.6542353045
      -16.9870073598       18.5935512226       18.6685092730
      -16.3399976374       16.9489018718       15.3167157238
      -15.6663132999       14.6934850335       12.3493073877
      -18.9648196870       13.7240375521       10.7310193578
      -20.8556763757       16.3736893426        8.8365584698
      -24.1441487385       17.3836150513        7.2774855516
      -17.8236506645        0.6213641205      -19.6878385174
      -20.8459270707       -0.9543529984      -18.0746764666
      -21.4890575012       -1.2488775194      -14.3614919703
      -24.7571694758       -2.1139214415      -12.6162954603
      -28.2107473806       -2.5879816966      -14.1040579951
      -27.9025687639       -2.3093066349      -17.8642044239
      -15.4954195948       14.2734266616      -10.2591636742
      -15.4353814160       17.8599295477       -9.0899815533
      -18.4197698180       19.9266075233       -7.9651262459
      -21.5893718090       19.8975904592       -5.8597603002
      -24.0607589578       19.6910306561       -2.9732089054
      -24.7923214885       17.4203755371       -0.0093971674
      -12.7969716982       15.1936773184      -23.3101319111
      -10.0940083429       12.5723281033      -22.9849287016
       -6.6913156191       13.8236028183      -24.0856986822
       -2.8935068334       13.6818368321      -24.1420554608
        0.5794812907       14.6127112863      -25.3014396095
        1.8099590519       14.2216068233      -28.8674269648
      -13.9768843745       25.0820817441        3.1003278608
      -16.0393461014       28.1833132366        2.4653358878
      -18.4786863493       28.9345427626        5.2845227189
      -18.4526332297       25.9818131932        7.6704205471
      -17.9554057691       23.0268625222        9.9789116321
      -15.2059659246       20.5897295057        9.1575868166
        0.5075234154      -24.3041343984      -29.5195174728
        2.4120736510      -24.9959672200      -26.3121556752
       -0.0198848198      -25.4626638131      -23.4397774708
       -3.4490178728      -26.7855091261      -24.4267720176
       -5.5242302095      -23.8401134151      -25.6219038485
       -8.5550203861      -23.3767479134      -27.8346332609
       26.0440426431        2.0836900877      -17.1269252897
       23.5881904882        3.7724554147      -14.8044213237
       22.5762145898        1.8183667630      -11.7330301510
       24.2100900821       -1.3812197643      -10.5207169421
       27.9853332705       -1.1169718554      -10.8754623978
       29.4287943391       -1.7199852997       -7.4026002648
        5.5279160114      -13.4324969097       -8.3409472205
        6.0304345812      -10.1598509048       -6.5427606582
        3.1702694191       -9.6972741173       -4.1127030977
        1.4421248897      -13.0411976016       -3.6773458798
       -0.9357119155      -14.6992179234       -6.1367546222
       -4.3982761690      -13.2809178624       -6.3052702291
        0.7862034528       -3.7937730535      -15.1754242622
       -1.0204351557       -0.7104695690      -14.0495786083
        1.5147235479        2.0547996991      -13.5032540746
        0.3591726594        5.3926088699      -14.8604758468
       -3.3236335759        5.9624940567      -15.4601613486
       -5.8462847624        3.7133358891      -17.2108087547
      -10.4970380053       -5.8742117343       24.6513750490
       -8.9233053120       -4.1526856728       21.6891152970
       -5.7450998263       -2.8458549481       20.0977912754
       -4.7596553616        0.4194105530       21.7751805828
       -7.5602585430        2.9115478511       21.1405828479
       -6.8641648425        6.3466608779       19.7716207652
       -5.5674568532      -11.0454079806       11.6938011757
       -8.2772083925       -8.4898551209       11.0700263400
       -9.1812509096       -5.2151261319        9.3741636531
      -12.4268010546       -4.1664017842       11.0711931319
      -15.5538451499       -5.6399325447        9.5033963886
      -16.9698550073       -2.9442260685        7.3251006456
       -5.4848275272      -19.7502247271       -2.9660057379
       -8.8463186936      -18.2533296878       -3.7289153978
      -10.2478565863      -15.3688878845       -5.7259583766
       -9.3768287426      -15.6411903698       -9.4166635443
       -9.3569359983      -12.2452207042      -11.0821875434
       -9.8892942448       -8.6119969923      -10.3673106531
       16.6512822929      -29.3793149792        0.7920220422
       13.2853428629      -27.6825526473        1.1351433883
       12.8272405871      -25.5642361796        4.2186153873
       15.2076376318      -22.8586686060        5.3280066408
       18.2606875006      -22.4253170768        3.1824860889
       21.4249815082      -24.4868972367        3.2177281344
       -7.3904272445       -3.5426370541       33.9932768315
      -10.4855072368       -4.6987081333       32.1319084165
      -11.8632534835       -2.4837978217       29.4033157163
      -15.2756819996       -3.5766605742       28.1441605510
      -17.6573107450       -2.1202400229       30.7010306829
      -21.4327911980       -2.0221068759       30.9595189648
      -20.5622964550       22.2542174512        3.2519313609
      -18.3376142276       19.2224594810        2.7882156760
      -15.5054424120       17.4729062306        0.9964446869
      -14.6419799713       14.3019992275        2.8685169958
      -14.4565702028       13.5085907375        6.5713292640
      -15.0674930918       10.0656836932        7.9789703451
       -1.6455943558       28.9730879001       15.9604666443
       -0.1274929082       26.0226360078       14.1636710430
        2.2827956074       24.4006100618       11.7308083143
        0.9063134082       24.7011894124        8.2061751697
        0.6181601013       24.7793562016        4.4262245204
        0.4415072944       21.3369983173        2.9370638061
      -17.0651551030      -18.6281823924      -11.6711664944
      -14.3903236910      -18.9592064770       -9.0432806089
      -14.8036900105      -18.3419647025       -5.3241635190
      -13.8530079688      -21.5384221938       -3.5098655201
      -12.0385120783      -24.5309186254       -4.9412464820
      -12.4266136993      -28.2863503256       -4.8557504807
      -22.4112632371       15.7830699626      -10.2694659096
      -21.5368902039       18.2277182400      -13.0285374907
      -20.8480222862       16.6137164679      -16.3819125118
      -18.5139407431       13.6361324026      -15.8737324290
      -18.0047252071       12.1470189450      -19.3538117577
      -20.0453669835       14.1159620508      -21.8716225255
       -8.0907492881       17.8078939292      -18.3710600720
       -4.7688116302       16.1809171077      -19.0018249887
       -2.5708447787       18.1131894669      -21.4066818994
       -4.3597214607       18.2244997380      -24.7457095641
       -7.6483992353       19.9625831529      -25.3323257011
      -10.3755801177       22.0316677408      -23.6894312630
        3.5946110455      -32.0940604281      -14.4253513508
       -0.0372124087      -32.5720204869      -13.4281126430
       -2.0136631740      -31.7651889993      -10.2941591299
       -2.0754539536      -31.7126909769       -6.4972595853
       -5.2916953069      -30.1697006424       -5.1767664580
       -5.1069466337      -26.3958717069       -5.2534471265
       -4.6748401388       16.4013895218       -4.7775296124
       -3.4071675566       15.4852330942       -1.3820699239
        0.2028591710       16.4148506476       -0.7834423444
        2.3616740520       15.9605341510       -3.8952757641
        5.8196019600       16.9902317660       -2.7031160408
        5.9374054182       17.5266518987        1.0458652744
        6.6311711574       21.3423784449      -29.3628989502
        6.3367097333       18.9238616838      -26.4813615916
        8.7842121224       17.7502427292      -23.8828934479
       12.1585483858       16.1746049705      -24.6030314050
       14.1680095788       18.8276854717      -26.4131793487
       12.7710683256       22.1842740647      -25.2823154807
      -33.1791435102        6.1395750906        2.2714974641
      -31.7901956956        2.7216036176        1.3698129777
      -30.6084855530        1.8409825501       -2.1102858069
      -32.9276906929        1.8273619673       -5.1175492795
      -31.0768359229       -0.2068678043       -7.7574183151
      -27.3990395102        0.6790571671       -7.7250198474
      -30.0431378158       -9.1483498029        4.1738066179
      -26.4173403584       -8.5122151762        3.3074174451
      -24.6662929886      -11.7771624826        2.5216321444
      -20.9823952817      -12.2458868411        3.3029513331
      -20.5248460640      -15.8411895607        4.3924873698
      -22.1032998052      -19.1222054965        3.4284256552
       10.4247688040      -12.6270930801       -1.5387561353
        7.4228807205      -14.9317126648       -1.3683716694
        5.1051821604      -17.2217443784       -3.3284571380
        5.4708943583      -20.6933238469       -1.7790360130
        5.5671819111      -24.4560883933       -1.2227168661
        6.2854218155      -28.1595731470       -1.1073538089
        3.1562921288      -29.1323785933       18.5152855585
       -0.3618446882      -27.9620612437       17.7484577841
       -1.7492999655      -24.4733741578       18.3674883036
       -3.4247095737      -24.7905311741       21.7797316423
       -4.9733397798      -21.5348864732       22.9246228174
       -7.4591534014      -18.7480555320       22.4951634600
       -1.7189063277        3.4188681208       36.2162146255
       -2.3293524742        1.5554670529       32.9869661930
       -0.1223989694        0.8281018282       29.9979035309
       -1.3037143809       -1.3506791541       27.1375774898
       -4.9877391983       -2.1811131922       27.3237646200
       -7.2493752038        0.7788539903       27.8591606898
      -27.8043458246      -15.7790999693        6.2300330534
      -25.8190665774      -13.5082172782        8.5078788490
      -23.0047694020      -11.1509039785        7.5816446679
      -21.5345779078       -7.6606832849        7.2251102747
      -23.4041340839       -5.2025760334        9.4070037848
      -26.6329035873       -6.8048271376       10.6036812691
      -17.3884136161       12.4060190962       27.4608275154
      -15.3632357344       14.7243852161       25.2467508611
      -14.0233113294       13.7126536816       21.8505672288
      -16.4009126816       12.2250274852       19.3043337992
      -20.0644349489       12.2987640667       20.2728160625
      -20.9723235557        9.1304824327       22.1224839843
       -7.4796121811       13.6890012780        9.7150549632
       -9.6894208841       16.4386761064       11.0937779430
       -7.6719545226       17.7316253435       14.0449675520
       -4.0179227693       17.5399866962       13.0233482246
       -2.5262269589       20.1628542917       10.7520518703
       -4.6172103858       20.2790985056        7.6483394821
      -20.4773621498       12.1207163547        3.1071148238
      -20.4491462303        8.3505955903        2.6806062832
      -23.5726859213        7.0052699392        4.3423303019
      -26.9531509458        5.3002207990        4.1043848123
      -28.4256952519        5.0625182282        7.5936654591
      -31.8075457413        4.2431160595        9.0651531522
      -24.8405171101        3.6340788860       -1.6806634519
      -22.9770153209        5.7203923319       -4.2117214533
      -22.5540132230        3.9755320141       -7.5449633023
      -21.9094025554        2.5999760577      -11.0248857998
      -24.4551191168        3.9388419272      -13.4986849311
      -28.1018275193        4.5721478039      -14.2534736584
       -7.4222714225      -31.9619831239      -14.2231111712
       -7.3135504301      -28.9717265217      -11.8999590726
       -6.5423532627      -25.8230339919      -13.8391436096
       -4.6387698994      -22.8542744718      -15.2656414394
       -3.3006318581      -24.1972536009      -18.5531989832
       -2.7570567781      -27.9383260650      -18.3154599490
      -30.1297353423       -7.5676043179       -7.9771491560
      -26.5544840861       -6.3979805553       -8.2007561733
      -23.4712941269       -7.7174051755       -6.4630968045
      -21.3717898775       -9.4253667229       -9.1128009463
      -22.0227314209      -13.0893825609       -9.8070208182
      -25.6098203679      -13.7076608934       -8.7458558672
        4.0231771395      -14.4082946349      -19.7107750197
        5.1836060998      -11.1310969763      -21.1235451789
        6.4331525551       -9.8107324456      -24.4204589329
        3.7061012943       -8.4641956679      -26.6652320056
        0.6774953652      -10.4096768375      -27.8307425553
       -0.9724480293      -11.7976420307      -24.7210789818
      -31.0194453371       -4.3588376066       -1.2780039858
      -27.4346638277       -3.2488549103       -1.7030271304
      -24.9117659417       -6.0657114690       -2.1352346028
      -26.9776703285       -9.1840565973       -2.7938952006
      -28.9684487826      -12.3666976152       -2.3894417763
      -27.6744731791      -15.6658124181       -1.0309599769
        7.8009295363      -28.8165372683      -19.3651768767
        4.4728972134      -27.0304754097      -19.6505379924
        2.6556116250      -23.6958173404      -19.4860618036
        4.7361178212      -20.5349897416      -19.0708553109
        7.2048547242      -20.5326827191      -21.9569355655
        9.0001952000      -23.2486272830      -23.8789838890
      -20.3754280212       -2.9381068809       -8.7044249990
      -21.1704003101       -2.0039818314       -5.1185890737
      -18.0752367199       -3.3249612474       -3.2861049183
      -18.2077574506       -7.0116206752       -4.2880064993
      -16.0895053673       -8.6912016239       -6.9376174370
      -15.3705847512      -12.3716248810       -6.5752224198
        3.0200905773      -20.2891719319       -8.3902089911
        0.8332056884      -21.7246716873       -5.6590850320
        0.7561947124      -25.4249217794       -4.8218330869
        0.2779831565      -28.7009229332       -2.9507150205
        0.3201250570      -31.8002797378       -0.7651153840
       -2.7575235313      -33.2043466275        0.9457951040
      -12.1111745052      -24.0334872899       23.6572362098
      -14.4116266796      -21.8218758953       21.5843663632
      -13.8546468114      -18.1732762711       22.4955692098
      -12.8415243510      -18.2658728750       26.1573187945
      -15.6904858310      -16.6424295914       28.0774018060
      -18.6595824716      -16.0518123955       25.7725138434
       -1.2214940980      -24.5869157026        0.9883532255
       -1.8177513875      -26.7255575329        4.0587242909
       -4.8464076217      -25.4250184533        5.9312012628
       -3.5585246409      -22.0966487966        7.3043867677
       -4.5850032416      -19.6044841421        4.6727080620
       -7.8688321082      -18.1891189170        3.5133172991
      -11.3071298851      -13.2058487045        6.8289132297
      -14.8298214252      -12.5070295112        8.0003874860
      -18.0320040495      -10.8080666561        6.9593336022
      -17.5817088956       -8.2541117788        4.1866216878
      -19.7364600378       -6.5249732194        1.5968962366
      -21.5600990115       -3.2853741021        2.1674603968
      -13.6902242007       29.3544207936        9.5574065839
      -11.0869801309       26.6578270879        9.1551745523
       -9.6692575586       23.1524263081        8.9140907953
       -8.6315218579       22.2134820894       12.4584594143
      -11.4752661207       22.4550944665       14.9634678549
      -14.2857141362       24.8296244370       15.8127675116
       -5.0079201644        9.2374287276       33.0693706796
       -5.2521064264        7.3001726644       29.8361850783
       -6.9337426346        6.8690253447       26.4391610726
       -5.9035976308        9.9904085965       24.5000777899
       -8.4668393701       12.6595964405       25.3399836979
       -8.3871858180       14.3695225715       28.7086828040
       -0.5619967398       -5.6638578664       35.6130452496
       -0.2842220494       -5.1927255168       31.8779606728
       -0.5027837503       -6.2906228604       28.2746181745
       -2.1311420323       -9.7220676042       28.1990723312
       -5.7355300730       -9.4233263850       29.3543629249
       -5.7282052903      -10.5118023642       32.9926959428
       -2.7536994930       -4.1557855328       10.7427107581
       -4.3295303397       -1.3851194252        8.7713766712
       -4.5861541987        1.1210450650        5.9401675771
       -6.5833838906        4.3523557528        6.0040418236
       -5.4538303117        6.5083851911        8.8899629711
       -1.9451447321        5.2450569564        9.6165989516
      -12.1031311741        3.2893007702        8.6220242792
      -10.7579301190        0.2143603550        6.8572925474
      -10.0250402237        1.2162324775        3.2599688764
       -7.0076696448        2.8861335037        1.6389819930
       -4.8893245477        0.1955264446        0.0153903107
       -5.9636204276       -3.0531938382        1.5518581951
       -4.9215421603        9.9441768491       -7.8180268016
       -7.4407603658        8.2139350348      -10.0273309923
      -10.7761918455        9.9511707594      -10.5089757418
      -13.9744941127        8.6303367043       -8.9459333082
      -13.7510032032        4.8498923829       -9.0696642884
      -16.6999374179        3.0814482869       -7.5616351674
      -16.1587814431        7.6072014311      -29.3911643673
      -16.1151098749        9.3801917240      -26.0197134647
      -19.4164154797        8.5366246976      -24.3355778052
      -19.1580988191        6.5400124332      -21.1019613046
      -22.7403459599        6.0354304941      -20.0323459582
      -25.5517500841        3.7207014030      -21.0514471407
      -23.6966422366       -6.7903297234      -21.6382807955
      -22.5800959816      -10.4139780857      -21.4218933258
      -20.1360099528      -11.4227210552      -18.7230580636
      -21.4102484238      -13.5132938861      -15.8310527901
      -24.1749545770      -16.0697255517      -16.2115144684
      -23.7792071187      -19.0926716797      -13.9383808769
      -14.4268802164      -13.4185713992      -28.3682561847
      -13.0777585531      -16.9700265286      -28.0723277539
       -9.5036275873      -17.5281184438      -26.9128279314
       -6.6957366698      -17.7098093375      -24.3614723376
       -3.5362230584      -17.9952477507      -22.2788923709
       -0.0304863758      -19.1626919557      -23.1085090815
       -0.2972346382       -8.4157376753       -9.4793445814
       -3.3366294362       -6.2120676707       -9.1662040566
       -3.2670605776       -2.5015051818       -8.3509485160
       -2.2205780912       -2.5474376053       -4.6840440989
       -0.2355913221       -5.0705947989       -2.6294535909
       -2.4735910138       -8.0828052644       -2.0695661887
      -11.0345137626       -1.5227451451      -19.3240388942
      -10.0283990153       -5.1617686123      -19.7445849125
      -10.1427774063       -6.7045530299      -16.2715210469
      -10.6798303109      -10.4587803243      -16.6093749777
      -14.4526802279      -10.7372320506      -16.9513721809
      -16.1073662493      -11.7681572447      -13.7178717212
       23.4714176415      -20.8337564475      -10.0285170015
       20.7717023610      -18.9684536973       -8.1762225060
       17.2313057592      -18.2246099531       -7.1568812617
       15.4297295858      -20.5188535114       -4.7471983722
       17.3586045624      -23.5438451119       -3.6238157797
       20.6964504113      -25.2060326627       -4.1873621842
        2.6319651137      -17.6906854276        3.1946581930
        0.3644751858      -17.5084590306        0.2274331401
       -1.7096583682      -14.3680325857       -0.1987320466
       -5.4677448057      -14.2244780980       -0.4511950073
       -8.4460045770      -11.9256353454       -0.1873388354
       -9.6573053675       -9.8547848719       -3.0803214751
      -19.2662927607       -9.3722591309       28.7171656979
      -15.4859292731       -9.4389515544       28.9701751779
      -11.7641790771       -9.9874007915       29.4160103257
      -10.7468825261      -13.5007729501       30.4280567875
       -8.4625832143      -16.4883280733       29.9230154595
       -8.1251859548      -20.2431144645       29.4872801944
       17.6838214714      -25.3769091877      -10.9736772803
       14.7413276268      -23.0908550095      -10.4127468439
       11.6317564045      -21.3855622925      -11.7223756835
        8.4553202504      -23.4510415242      -11.3039074551
        8.6566925051      -27.1338851752      -12.2438149707
       11.5321613314      -29.4812241305      -12.9145693152
      -15.0574493665       -0.7307327808      -29.2870770465
      -13.5521373528       -0.2636754436      -25.8432103257
      -13.8389727391        3.4485228585      -25.0551287720
      -17.5919029321        3.8446929924      -24.6483173105
      -20.7552295093        2.7025696159      -26.3598075050
      -21.5820957321       -0.9138222073      -25.5391292237
       -9.4686414606       31.1812667431        3.3311891171
       -6.1386464325       31.7266387536        1.5787796513
       -3.1770431335       29.8285401589        3.0182644336
       -1.2303728739       32.4986857973        4.9095432753
        2.0452771034       31.3813783738        6.4504481535
        1.9957343513       31.5703351685       10.2339033441
        0.1416661224        2.3309887699      -20.6170631677
        3.5278887198        1.3822989410      -19.2864216800
        6.5528564495        3.5117551333      -19.9127693551
        7.5929880259        5.9439765059      -22.6243886562
        4.8747826257        5.3606817090      -25.2100482226
        2.1032853601        7.6996662951      -26.0500717477
       -4.7051510767       21.8065714957       17.3909614360
       -5.6855113852       24.2910086388       20.0541737828
       -9.3793343089       25.1957511483       20.0003054145
      -12.1723581050       22.9394358984       21.2585094230
      -10.8379370299       19.6062203165       22.5103226149
       -9.9137936932       17.3849859911       19.6037893749
      -16.1733508311        2.3722279991        2.8048598934
      -17.9484546184        2.2353041284       -0.4830802301
      -17.3231845575        5.5710194878       -2.1794910312
      -16.0166960823        8.2705857572       -4.5150313567
      -18.1696746699       11.3382868805       -3.9868146059
      -18.8260272654       15.0022227642       -3.4350837998
      -12.4611650585       -2.6929493290       -6.6809490523
       -8.9754224156       -3.3515378935       -5.3165361178
       -6.7224347370       -0.3456211974       -5.5641132443
       -3.7640103460        1.9535193123       -6.0135926581
       -1.7771945820        3.7213464022       -8.6874628559
        1.3130573986        5.8993085849       -8.7516098044
       -8.0725307880        1.1602960529      -11.1020497535
       -7.9867865117       -2.1968485333      -12.8037620924
       -6.0816120579       -2.7754666835      -16.0256330612
       -4.1516276164       -2.2344415460      -19.2507740179
       -2.6313001156       -4.5599568422      -21.8478540714
        1.1008813480       -5.1935061872      -22.0796566524
      -12.6844880565        4.8942550553      -16.2419581362
      -13.3234453133        6.2150464642      -19.7476837458
       -9.9203059558        6.7738871495      -21.3431679538
       -9.1574891943        3.6630208117      -23.3664124556
       -6.4245101109        1.1446510978      -24.0035218891
       -6.4598547412       -1.0875033745      -27.0461507862
      -17.4703665629      -17.0038036262      -18.8191972621
      -17.5888310614      -15.7827254234      -22.3792314098
      -16.7677315795      -12.0868397297      -22.6086601277
      -13.1987702938      -10.8465421351      -22.9486564953
      -10.5829864304      -13.4846506782      -22.1823024369
       -7.3016910236      -11.8202805458      -21.4045624107
       20.1419561599       -7.0148739571      -23.5781461585
       17.6222551719       -6.0306639605      -20.9494949727
       15.5017408518       -3.6623002699      -18.9377313396
       12.7728439639       -1.0735564716      -18.5883282931
       11.2025338115        1.8779448029      -16.8318642017
       12.1493387357        5.2712048172      -18.1940851354
      -11.5881406439       -6.9727672905      -30.2614978278
      -10.5829569645       -6.8150610131      -26.6221357780
       -7.0696925785       -7.0653572850      -25.2228946757
       -4.0918848668       -6.7307026325      -27.5535176964
       -4.4470091438       -6.4966585186      -31.3286934385
       -5.5235607379       -7.3099739436      -34.8610392184
      -11.6755669314      -16.2524080639       17.3433875989
      -10.7777755720      -15.4600200054       13.7855537316
      -13.4098048904      -16.9643285132       11.5037239143
      -16.6430312042      -15.5990656568       12.9917002447
      -19.6684937611      -17.2099044680       11.3983654420
      -22.7618806231      -19.3687832959       11.1911183484
      -24.2846856309      -11.8631819666       22.3759645339
      -20.8799754551      -10.4562752960       21.5932557258
      -18.5615536776      -10.1021181483       18.6508954228
      -17.4515544076      -13.4902201354       17.3444400804
      -18.6567818280      -16.8126202252       18.6356735355
      -22.2139400540      -18.0727652598       18.6361024596
      -14.6836554134      -29.2380746168      -11.9042373599
      -13.5918649020      -25.6285376378      -11.7321072672
      -12.5995958642      -22.6082715975      -13.7562702589
      -14.7228857369      -22.0767502474      -16.8497364426
      -18.1378498220      -23.7442119801      -16.8919526956
      -17.8452940217      -27.2957276021      -18.1906008477
       19.3942512033       23.0293695913       17.1707974204
       18.4332683163       20.3154421143       14.7335153157
       16.8270394127       18.9444670907       11.6175838508
       13.1326168727       19.8046766130       11.6451454076
       12.9808929231       23.5583557771       11.1003927574
       13.9623192091       26.3870022712       13.3949280123
      -24.4183914437       11.6095532405      -16.0415071984
      -27.3636371764       11.7312393094      -13.6427158427
      -25.9095263778       10.4420255518      -10.4071451096
      -26.5543062137        7.0825698990       -8.7823703176
      -30.2251702358        7.2382551608       -7.8070134662
      -30.4347944394        7.5326862705       -4.0447438628
       -6.9498982068      -12.4283516123      -28.5356234579
       -8.2328077668      -13.3325118668      -31.9826030240
       -5.4128870544      -13.5851790196      -34.5155500122
       -2.2974869359      -12.3276140490      -32.7190158815
        0.6509255209      -14.0097137059      -34.4047883018
        4.2730325486      -13.3067878517      -33.5284153153
       14.2854852753      -27.0382838510        9.8929156473
       12.1555946062      -23.9314139796       10.2723394496
        8.8107299470      -22.7152634204        8.9729660058
        9.0051349553      -18.9249671461        8.9131639692
        7.2060438544      -15.6376602728        8.5788473673
        8.0781130060      -13.4563490817        5.6533329582
        6.9227979288       14.1222923390       14.2806497532
        4.1831576647       11.6310187864       13.5104745488
        2.3218934003        8.5672398673       12.2748361997
        1.5832347009        5.8089432716       14.7930810315
       -1.0222101767        3.6205550108       16.5090397608
       -1.4433482701       -0.1284372450       16.7590689078
        2.8266375322       10.9439699435        0.0749423164
        0.9003925035       10.1588473068       -3.0843813839
       -1.4348166170        7.2012922345       -3.4751041257
       -4.8761172450        5.6434525242       -3.1488850983
       -8.5982480148        5.2319473990       -3.7399166609
      -11.2782520725        2.8710034738       -2.5578309505
        2.4741383498      -10.6897034118        2.1475194522
        5.3023226228       -8.3356210573        1.4041430904
        6.5748860177       -5.3168488492        3.3178455727
        6.7086077145       -2.9102755933        6.2490243379
        6.0535826226       -1.1315699394        9.5274491449
        2.9534810538        0.3474912662       11.0760716429
       14.0922366774       14.5152082803      -12.6199069536
       14.3092082574       11.0208989163      -13.9887048390
       10.8605538501       10.3691507130      -15.4109916677
        8.6427613982       13.4173635784      -15.8077313184
        7.0260339210       15.1653441898      -12.8636792217
        6.6538515324       17.4216929831       -9.8558412428
       15.7535018329       -5.6251968166      -29.5634717443
       13.1046325157       -5.2604661978      -26.8986845350
        9.7217768690       -6.8805530110      -26.4344542220
        6.6447228690       -5.0154681677      -25.2113658747
        7.2130943162       -1.2899091020      -24.9923963849
       10.3030119581        0.5349848763      -23.8023325711
       24.6288510448        2.0204130263      -24.5804570757
       24.8111099538       -1.5612058049      -23.3084826366
       22.3255304307       -1.9511167833      -20.4736679453
       20.6865143368        1.4228658025      -19.7650468589
       17.4201976837        1.4686384765      -21.6741690753
       17.6972999006       -0.0489949326      -25.1143724506
       14.9735179099       -7.3201254251      -13.7847104448
       12.3724967111       -4.5759540386      -13.6451091770
       11.4204212803       -1.4932209765      -11.6296944550
        9.2887093849       -2.8794808783       -8.7886373251
        5.8765015990       -4.0758929625       -9.9306829696
        2.9170709844       -2.1713470654       -8.5013669532
       -7.8280530038      -21.5494639976      -10.0628010854
       -4.5403525196      -19.7111577201      -10.0207008012
       -4.8996558984      -16.2161493343      -11.3968529732
       -2.4242911602      -13.4661342654      -12.2407821657
        0.6248700989      -15.4829781689      -13.2924131402
        0.0257993189      -18.5502289400      -15.4519355293
        7.4167010264      -17.6885543523      -13.8291245860
        9.9498743563      -16.8579231852      -16.5021791073
       10.2194167598      -13.8601764288      -18.7748999598
       12.9298795583      -11.3072946248      -18.0562626692
       16.4613221096      -12.5099235011      -18.6012986735
       19.8611333297      -13.5495001026      -19.8664382762
      -17.4622922637      -22.9573794748        7.6814190110
      -15.2776456732      -20.0739588312        6.5104956251
      -12.8699298785      -21.5060386513        3.9550767902
      -11.2453677837      -22.2477685736        0.6080336287
       -8.4659970840      -24.7882410520        1.1174307544
       -8.2865862459      -28.5501451907        1.3194050008
        6.7966040595      -32.1374731452       -7.3880611926
        3.7128432488      -29.9475254256       -7.6238365084
        4.4395099096      -26.2368383696       -7.8610675603
        7.9135683702      -25.4358465543       -6.6004827372
       11.3372740908      -26.6991822970       -5.6216576599
       13.8610124639      -29.4775516356       -6.0837370149
      -25.3058898521       -8.9968589861      -14.7747981671
      -21.9445133040       -7.2647325650      -14.5458871051
      -19.2619146188       -6.8531211247      -17.1875782149
      -16.3131845039       -5.2352671201      -18.9608801872
      -16.6468258438       -5.8934044272      -22.6668896595
      -17.7430118022       -7.1088164819      -26.0833334042
       -5.3272892192       14.7662846255      -29.9035303330
       -8.9046996920       13.4996238563      -29.9528220515
      -10.6028215637       10.4513381831      -28.4677017483
      -10.6114375276        7.0371715120      -26.7505621919
       -9.7488361292        4.6366951549      -29.5897715619
       -8.4384655486        6.5416635473      -32.5958595970
        7.5396790576        9.3454930061      -35.3592038825
        5.8228259261        9.1528358306      -31.9831781780
        8.2966805518        7.7936982967      -29.4636790696
       10.6213665848        6.4094804664      -26.8186607856
       13.9510194579        6.6567409538      -25.0684642079
       17.3139091977        7.1810954859      -26.7295652080
       -9.2696846276       21.5905053800       -6.9242664146
       -6.0469579336       23.4914691988       -7.3795047034
       -4.2283604789       23.8062902327      -10.6903849945
       -1.6517939486       22.3356707239      -13.0595095245
       -2.4144726958       22.5038526401      -16.7466619091
       -4.1892994761       23.7550244069      -19.8477346545
        3.5524667564       20.7360826375       28.8038161194
        2.6439507683       18.6426434857       25.8054826013
        2.6750578056       18.8723899906       22.0311233783
        0.1740468962       21.5788025827       21.0505556517
        2.0467103110       24.8750992115       21.0929712998
        5.5419494028       24.5307198220       22.5717007315
       25.8162268722       -1.9364000832       21.5206154717
       26.7317529801        0.9374209473       19.2121191912
       23.9543846094        1.1055256790       16.6403494080
       25.3611433122        1.7174512666       13.1716893722
       28.0253473011        4.3201959115       12.7125622403
       31.3359064326        3.9995883214       10.9261561296
       -8.0852054264       31.1140450698       18.7870133742
       -8.9578092053       29.6210415542       15.4119517809
       -7.0147075298       26.5711740419       14.3275593544
       -5.3618946854       25.4095765923       11.1375530329
       -4.2115734797       27.9529678685        8.5951917051
       -5.3374287476       31.4677298964        9.4158463914
       -1.8610490836        6.0495821146        2.5143324456
       -4.0970262439        8.9896671695        1.8562138724
       -5.7622572386       10.8559851035        4.6811471975
       -9.3692031422        9.9392339028        5.4472780937
      -10.7810362420        7.4021870903        3.0118482987
      -13.4907693925        8.9062047631        0.9035044161
        7.3077301605       32.4927769915       -4.9345563010
        6.1650323725       29.0543905282       -6.0121827660
        4.2102567204       25.8051434445       -5.9575670986
        6.0450829713       22.4594826182       -5.9607802914
        9.6815852172       22.8486600536       -5.0426097717
       11.0531945851       21.8901973775       -1.6745017989
        9.9291656435       -5.4164203412       -3.0236115607
        7.1137388376       -2.9226594310       -2.9789316844
        5.0405346538       -2.1756652849        0.0772453437
        4.8208623640        0.0739585484        3.1336472273
        1.1592887805       -0.2946924537        4.1430781692
        0.6278822441       -4.0127836217        4.4262851969
       15.4545133434      -12.0193273916      -25.7034460338
       11.9671954664      -12.1448085717      -24.2431711565
       10.1952087365      -15.3599719643      -23.2936598246
       11.0282137030      -17.8543959811      -26.0624518753
       14.5693009365      -19.0986363889      -25.4200283353
       14.9301038790      -18.7654637918      -21.6495526953
       -4.4693976358       -8.9569695114        4.9777705735
       -3.7471588619      -12.6549789107        5.1607719633
       -2.0751430903      -14.8966910047        7.7390298981
        1.5216939938      -13.6805875498        8.0518886486
        1.3961194684      -10.0906567426        9.2861523117
        4.5510877826       -8.1114789739        8.8022834404
       16.8006553439       -5.9457909124       -1.6795656106
       17.6817328586       -9.4828697129       -0.6287098617
       18.1856495253       -9.1781341691        3.1469141001
       17.0233338834       -9.6076358592        6.7549206293
       19.9806714521      -10.8538738053        8.7825648320
       19.6414794114      -14.2152081809       10.4443685133
       -3.2794615461       10.1121556202       14.6236199422
       -4.8493651168       12.9044579413       16.5528674017
       -6.7769540027       12.2572670219       19.7180151389
      -10.4458364979       11.3797136457       19.3368049294
      -11.6062733110       11.5421474615       15.7247719351
      -10.5959454620        8.5904294568       13.6002449771
        8.5741368262        3.0763134032       23.6987110007
        7.1968182345        6.2205440262       25.2442777057
        3.8165929043        7.9038717384       25.1019690583
        0.7223314764        9.9094630132       26.0303028831
       -1.2146819855       12.6477210643       27.7642782123
       -1.1403668097       14.9952390700       30.7269763178
        4.3390248561        5.8319160133        5.8343069075
        7.9183454188        4.9888682403        4.9448303432
       10.9229678700        5.1873198677        2.6641473807
       14.5546392751        4.3312482150        1.9165063579
       14.5254839810        0.6420181769        0.9573133270
       11.3395819584       -0.9066306251        2.3042565571
       24.8830260777      -15.3389277996      -14.8016442203
       22.4070118251      -13.6172299994      -12.5407376770
       19.4670369031      -11.4459921134      -13.5157488039
       20.5581071655       -8.6886073361      -15.9000204842
       24.0376962602       -8.2107916652      -17.3254426021
       26.4521762944       -5.3100960070      -16.8928972171
       11.5563953585       17.9486811937      -18.7072255952
       15.2266409094       17.4979016584      -19.2762883208
       16.2086277199       13.8697860651      -18.8297439950
       13.2578414453       11.6458816351      -19.7834083488
        9.9249629712       11.4215313746      -21.5615632920
        7.8712624186       11.8054719713      -24.7245708121
        4.7289826572       -2.2980532590       27.2837452717
        5.4543429146       -5.9894531242       27.2912276879
        3.2969377057       -9.0913102264       27.1004191436
        1.0949335731      -11.3673785074       25.0349258589
        2.2840703985      -12.0232656959       21.4884560654
        5.0929010516       -9.5409013488       20.9995551812
       10.3184208056       19.8416644318       25.9044518576
        8.9062565885       17.5798372464       23.2323298389
        7.0555836819       17.1911290808       19.9371463827
        5.7768119353       20.3796076176       18.3339506131
        2.9771738455       19.8862601919       15.8383168427
        0.6835691119       17.0408943429       16.6288216162
      -13.4324788033        7.8304143230       23.3542799787
      -14.0914162292        6.5826763814       19.9037117054
      -12.3821134561        4.2007058076       17.4962330017
      -14.3527066505        3.7201681870       14.2858530438
      -15.7737137721        0.2349842963       13.8232278795
      -19.4040692399       -0.8451927986       13.7133780724
      -18.2159928712       24.2819457488       -3.2857535859
      -15.3321558870       21.8523994180       -3.1280741510
      -12.0211452176       21.3836572829       -1.3244696056
       -8.4966243107       19.9556150323       -1.3536845048
       -5.7897867760       22.2994999582       -0.1933338529
       -6.6526371298       24.6790164348        2.6030188371
        7.9015586038       30.5409500104        2.1997456218
        6.8175071220       27.2129932925        0.7758963314
        5.6655687864       23.6139784018        0.5850237021
        3.2211364944       22.7424817932       -2.1763458851
        0.2201920767       21.6022432048       -4.2037245492
        0.6157457979       20.6607410887       -7.8526347655
        5.4982453385        8.0999039303      -16.2423276794
        3.0901076550        9.0272243412      -19.0255524857
        0.4297613401       11.5248998572      -20.0612139742
       -3.1942437713       10.4139126510      -19.8633299228
       -4.1494622136        7.9686796520      -22.5771579734
       -4.8760801084        8.4299588183      -26.2411214254
       10.3483021891       -6.3632334177      -20.3386384558
        7.4113176553       -4.5953330306      -18.7719904178
        6.9245466749       -2.5565757818      -15.6378118028
        5.9911855410        0.5937901151      -13.7685895167
        7.2495067305        2.9802200658      -11.1209948131
        7.7604388870        2.8727306792       -7.3675397076
       14.5771836349       -2.2362856632       12.8345936849
       16.0760689921       -5.6319552832       12.1776615659
       19.7057719643       -5.2062681850       11.1977688910
       22.8026207334       -5.4851470822        9.0378211938
       25.7612047578       -6.9488843128        7.1955190889
       29.2536172601       -7.7624172351        6.0123452417
       25.0879606275       20.9026772790       12.3437692826
       27.4005022228       17.9029734553       12.1785175237
       27.7423497141       16.7619291427        8.5710341695
       25.2760664750       18.8150847598        6.5279329684
       26.8319625165       20.5987414314        3.5729017056
       25.2867771205       24.0457408741        3.2725251892
       -4.7891803185      -19.7107921679       15.7253056030
       -4.7133754461      -18.4255690775       12.1855743542
       -6.8274424517      -16.7928792389        9.4787264987
       -9.8020748470      -19.1513528861        9.0694905395
       -9.3761002599      -22.9196994578        9.0684047714
      -10.9307260014      -26.1361133769        7.8474836163
       12.1417630197       -7.8809435226        3.5441298937
       11.2720974180       -6.7695770962        7.0280627668
       11.6263784431       -3.0940578082        7.8362368269
       11.5001864873        0.6900241800        8.1212683714
       14.5034280935        2.9307035505        7.6920669192
       14.3653123571        6.6738981887        7.8872973918
      -10.2265728862      -27.6530258857       15.1857672944
       -7.9938403735      -25.8459627958       17.6852543988
       -9.5569707475      -22.3950568642       18.1052779007
      -10.8358658118      -21.5008619931       14.6363152809
      -14.5736397726      -22.0111519654       14.2177582140
      -17.9657312675      -23.3306924289       15.2363291271
       20.1950282586       -2.6252115872      -15.0345816277
       17.5505806297       -0.0336665065      -14.6540497326
       17.5517268296        3.5126795833      -15.9626004582
       18.5533036814        7.1757211487      -15.8379639976
       18.5473709525        8.3802158189      -19.4435031579
       21.9291928784        7.5875102333      -20.9422196966
       27.1119333565      -13.4987584518        9.8307037793
       26.3958524492      -11.4374776900       12.9256923768
       23.4151453243      -12.6292147139       14.9208143479
       23.2661336748      -12.4698777133       18.7112596628
       24.1151869943       -8.9056458031       19.7783689185
       23.2491362951       -8.5753666543       23.4775732227
       10.0887393354       14.8552000323      -30.9736462317
       12.5846771800       12.0770078668      -30.2651578536
       13.8906809067       12.3836345272      -26.7364316026
       15.9450698388       12.5693075209      -23.5651563446
       19.3625007823       14.0423668370      -24.2623848105
       21.6952814621       15.0831544959      -21.4492915309
        1.2684396504       31.8904311959       -0.7964848492
        0.3338461226       28.3374736543       -1.6974143111
       -3.3236879280       27.4421844029       -1.9112445883
       -6.8940639267       27.8558344511       -3.0984076741
      -10.6190086563       27.3128595439       -2.8777565739
      -13.2890004691       29.6570948806       -4.1455518597
       30.9485485251        2.1589270011       -1.4075844249
       27.2512862504        2.0863928968       -0.6673559630
       25.1504151708       -0.4191888535        1.1988849919
       26.3913019596       -3.9670124950        1.7455246933
       29.0960472198       -5.0160136681       -0.6801446802
       28.4068921733       -7.7518237577       -3.2100731969
       20.9514278809       15.5805555765        9.1540884141
       18.6950395120       12.5399850167        9.0924266985
       15.3879189726       12.7630520397        7.2544715439
       12.1174779397       14.0159430894        8.7424168520
        9.3282308937       11.6290221810        7.8337827440
        6.0737304912       12.6083588048        6.2590779233
       14.2044834413        4.7542960351      -10.8139966960
       17.8751818825        5.3567439526      -10.0956845586
       19.3279980782        2.4813409395       -8.1223984153
       19.5528548122       -1.1962230793       -9.0238786880
       16.2590643657       -2.8016626773       -8.0409504573
       14.0770290349       -0.4808654638       -6.0240848136
       23.8152356830       22.0541007217       -3.7508203826
       23.8324364427       18.4413435057       -2.6204175657
       25.3449122470       15.0854622495       -1.6932544839
       28.9574647096       15.1887529983       -0.4982630031
       29.2209308765       13.8069161444        3.0538589461
       25.6581643411       13.2304310607        4.1817456318
       18.9612910756       25.5740537488        0.4562407961
       17.9754729215       21.9219095323        0.4708750638
       16.2232475815       18.8773472336       -0.9224664190
       13.5766206168       16.3427805706        0.0372735609
       12.4282499352       17.2167324605        3.5438777180
       14.7892462581       18.6996291207        6.0298594671
       22.1675916922       19.2790755247      -10.1944009028
       19.2838411888       17.4059214558       -8.6067525272
       18.2397674007       18.0353022519       -5.0306003292
       15.7254579908       20.8842010508       -5.3332459886
       17.2744207817       24.1494512589       -6.3850899526
       18.3371564970       27.4986773515       -7.7569885291
       -0.8467956549       14.6669463433        5.1921159939
       -0.7600200501       12.1315276624        8.0075114160
       -0.7275106237       14.3177939057       11.1399024378
        2.3368550723       16.5197268659       10.6157422406
        4.1831136303       19.2060239090        8.7006047256
        7.9401633731       18.8733906335        8.8111340855
       14.5914915055       31.5777143942       -0.7229081410
       13.1073072415       28.6350633483       -2.5709453785
       12.4675226985       29.3191695266       -6.2437596645
       12.2321586875       26.6883415756       -8.9668819432
       12.5538025340       28.5204680558      -12.2977229871
        9.8828326823       31.2310921037      -11.9965760473
       20.5756750769        5.7500654116       11.3728248327
       19.4775973362        2.5896947710       13.0695957102
       21.1093030980       -0.8109400133       12.6857429276
       23.3799766563       -0.8306400962        9.6354428312
       26.0381282635        0.0613732296        7.1020280196
       29.5053335547       -0.5166248558        5.6773161895
       29.2776199103       -3.1478775121       12.6266441368
       26.0059303624       -4.2004817754       14.1967634666
       23.1228129139       -6.6085302680       14.0513853330
       20.3222955975       -9.0413568565       14.7089577966
       17.6834748029      -10.9350315894       16.6216664675
       17.0338566783      -10.5094431351       20.2940658593
       14.2667290853       14.1850911962       14.3528470005
       13.2131026180       10.5900640778       13.7610247883
       15.5804107887        7.6592495143       14.1434680441
       13.9027176634        4.3189223730       13.5074878516
       10.2495075599        3.4304447735       13.4071796890
        7.7798115487        5.8167348362       11.9434709297
       -0.1852605305       -4.6951763178       22.2912278612
       -2.8177846172       -7.3376741289       22.8064208522
       -3.9562989990      -10.8005975883       23.7931716858
       -7.0649353492      -12.8674799800       24.5091824955
      -10.8429551871      -12.8743413165       24.1749898259
      -13.9205778834      -11.7673613347       22.2909056649
      -20.2293885988        8.8407659195      -10.2972835147
      -18.4190665069        8.0739709992      -13.5161415376
      -18.7612962906        4.8817979398      -15.5277433786
      -17.6717004462        1.8834689549      -13.4695619266
      -15.1515266799       -0.9415167452      -13.2855553839
      -15.0797021833       -4.6837037771      -13.1937014532
      -16.7408336033       20.5340983122      -19.7589155793
      -15.1062301144       18.4820112003      -17.0531298649
      -12.5436426880       17.8189936450      -14.3907776421
      -11.3893531323       20.7886533508      -12.3768202911
       -9.2170513017       23.3344404317      -14.1059923926
      -11.0025536441       24.8861502432      -17.0498220107
       17.3205731006       19.8140574763       23.7301407280
       17.1213726325       17.1418275255       21.0731560551
       13.9096090417       15.2891281809       20.4593953116
       10.6825572591       13.9405373358       18.9818910967
       10.5355727178       10.4658205418       20.4647911262
        8.2158534558        8.2118269282       18.5208300862
       11.9113783624       -3.2799237785       24.5391872143
       11.7582849471       -6.9335312711       23.6762939591
        9.8800145057       -9.5668184906       25.6318666736
        7.1096103775      -12.1274915204       25.9870479164
        5.3932411758      -15.3862818314       26.8344037783
        7.0155928243      -18.8018680167       26.7907884445
        7.8596516341       15.0455226912       30.8187804088
        5.7695224143       12.9119882604       28.4973677239
        7.7872993923       12.1249809410       25.4134494717
       11.0649168048       10.6880057782       26.6897954916
       13.7235996514       13.3491718213       26.4041009575
       16.7991568972       14.1980884995       28.4176781419
       14.3608381356        4.6821360705       19.3855909567
       13.7727461285        0.9911100363       19.1057164593
       12.1746421237       -2.3716523905       18.4601335668
       13.7851716468       -5.7833494811       17.9896395898
       10.8984663597       -7.9756620076       16.8060892595
        9.0412120280       -6.2084268669       14.0303767797
