        21.0281425907       -5.9463849249      -16.9539552357
        17.8049699194       -5.5401488728      -15.0222916009
        17.0214182162       -3.5920372618      -11.8661464806
        16.3527739813       -0.1406584981      -13.3936217904
        12.6576282329       -0.1485194500      -14.1307033208
        10.1285382763        0.3299945488      -11.4170629729
        20.3107775336       10.9389783452       -3.2163794770
        16.9535277737        9.1975475511       -3.0805086008
        15.9678428130        6.9278144278       -0.2377642813
        13.6970432867        4.0827506834        0.8514399538
        14.4365666160        3.6897344245        4.5347301578
        16.7647769068        1.9366940186        6.9715074061
        -8.7056266844      -19.7385730141       16.0284188193
        -6.4410071114      -18.2086071352       13.4146970653
        -6.4168523341      -14.4065952881       13.3579251445
        -6.1280599123      -12.2449871273       16.4664977300
        -9.3334170022      -11.7185395847       18.3906204030
       -12.2219532798      -13.5369406683       16.7413003499
        19.3363240153      -16.8814550287        3.6502937007
        16.4056034429      -14.5228945490        3.8788853942
        13.3706445769      -12.8662016095        5.3841856269
         9.9289153836      -14.3368018637        6.0775891244
        10.2803529316      -16.1463449381        9.4056135217
        13.8548837176      -16.1359428408       10.6758634003
        -5.1780976739      -25.3593961030        1.8020301766
        -5.3743341493      -21.7928453240        0.5661891139
        -5.4324103205      -19.2554330495        3.3644330111
        -2.2922932098      -20.2684084399        5.2514776829
        -2.6806570365      -22.3164739440        8.3923307293
        -2.5788149677      -26.0902660427        8.5729351676
        -9.0458800785       -4.1588841865       17.7364036633
        -5.3154984267       -4.5582204175       17.1551951980
        -3.9287887312       -7.7266432164       18.6932156149
        -2.0352111867      -10.9920566806       18.7593279196
         1.4240791360      -11.5675358644       20.1397131472
         2.5552835435      -12.1144735584       23.7106577804
         8.7964183916       15.0954708429       11.0349554784
         6.9271775478       12.1047443058        9.7395769167
         6.2740823420        8.8631335843        7.8415433525
         9.0206597050        8.6668187974        5.2142656130
         8.3754596685        7.0398890382        1.8578324545
        10.1590426030        8.8475062751       -0.8945792860
       -18.5341115197        6.2824462306      -20.8126383144
       -15.9984798843        8.7391484023      -19.4475082253
       -14.1744641042        7.1743827541      -16.4951082444
       -15.2885817643        3.5572924515      -16.2351888875
       -18.0925110441        1.9336530161      -14.2784257214
       -21.5810145803        2.0891251599      -15.7474844922
        26.9034407287       -0.4321952912        0.9191340869
        24.7806411107       -1.9424486354        3.6754707336
        20.9781868256       -1.9538358256        3.6169299253
        19.7006313746       -5.4711674639        4.3235693461
        21.8345360382       -8.5029068965        3.6131053313
        24.1495673191      -11.4324616181        3.0820381278
        12.9037278470       -3.5092411627        4.2637336143
        15.2743814713       -2.7611644794        1.4316347907
        14.6785138030       -3.6987173646       -2.1898961963
        17.9080748707       -4.2553051180       -4.1223803067
        21.2054988626       -3.8390453752       -2.3191757757
        24.1026848449       -6.2344735073       -2.7458330054
         6.7061200504       23.0416649270      -11.8907547563
         5.7545123007       19.5446280622      -13.0365194039
         4.6615302163       17.4787079366      -10.0400182643
         3.3836810808       19.8371374315       -7.3366839911
         0.2687823971       21.6585265388       -8.4393073456
         0.0185566110       25.2010602956       -9.7307157730
         5.3928313516       12.3543713379      -13.2181748905
         2.9011717355        9.5439560200      -13.2964418808
         1.0300716158        8.5304642569      -10.1818757025
        -1.5427329507        5.7320847700      -10.3320687266
        -3.5716117158        2.5733232203       -9.8648972723
        -2.3971657447       -0.8538525148      -10.9203828499
        -6.6626759792       25.8252546397        3.5166240082
        -5.4825326155       22.2633589131        3.0224052208
        -7.9404989259       20.3798875984        0.8378748840
        -7.3811739424       16.6388862490        1.1310886943
        -5.0495097276       15.0133605850        3.5889500062
        -1.5904929340       16.1790210112        4.3663238776
         3.4326284655       28.7352910863       -4.3270390425
         5.4720167189       25.5575639356       -4.7928646645
         3.4411137948       22.7673262384       -3.2611606449
        -0.1716630458       23.9169358458       -2.8510932934
        -3.5082603226       25.6280502570       -3.3983016582
        -6.9764381441       24.2197239250       -4.0204402216
       -11.4285751697       -7.6084078959       -4.0563043717
        -9.4953427691       -5.1772565605       -1.9534926849
       -11.4816909176       -2.9621342922        0.3849160930
       -15.1395099375       -3.7572627920       -0.2801648763
       -17.0648237196       -3.1386772042       -3.4591675125
       -20.7834676157       -3.3357294707       -3.0466361280
        11.5895485142       22.0276773757       -6.0171529610
         9.2418465524       19.1080522483       -6.4805447057
         9.3555839585       15.7922542703       -8.3110737664
        10.4318590160       15.7221155902      -11.9455494631
        12.9840889359       18.4242477259      -12.7124775788
        16.1101857853       19.0331703618      -10.6450466277
        15.2013294934      -18.6488405662       -2.2522914186
        12.6052795195      -15.9158310977       -1.9324786869
        10.8264688329      -15.5670241843        1.3958563197
        11.7204961544      -18.3912128835        3.7325760425
        13.5867269730      -21.2586386908        5.3571776963
        10.9254258009      -23.1120854956        7.3596473591
        23.7398290722        6.7186448804      -10.5120543065
        20.8405621452        5.8330659353       -8.2507964350
        21.7472780386        5.1540641861       -4.6209962571
        22.2723455075        2.5889457674       -1.8591210567
        20.9361668999        3.8409018275        1.4405484537
        21.0005861470        6.9681824768        3.5618488873
       -13.5207414121       -7.0069408237        4.3899782498
        -9.9179925323       -6.4140312305        5.2291547527
        -6.8078564250       -5.3669184056        7.1107051352
        -4.4471538118       -8.3065584861        7.4830161600
        -5.5153188077      -11.8255073447        6.6193756339
        -4.1846956510      -15.1676250624        7.5754794095
         3.7498473742        0.4944520570       25.6176310291
         4.6680149921       -0.7199175262       22.1594462874
         4.8349184072       -3.6366938966       19.7796299814
         5.4750263454       -7.1312266119       21.0650458356
         8.5886781709       -9.1342096953       20.2607546687
         9.7402878313      -11.5671944491       22.9165713861
        -4.3589538802       10.3848391625      -12.4982834356
        -6.7710019162        9.1962649611       -9.8257173630
        -9.2770244583       12.0366827222       -9.5082948825
        -7.2789280155       15.1907820273      -10.3382651149
        -6.1194288779       18.7212994516       -9.6525413394
        -6.5551314604       22.2364223304      -10.9799803061
         8.6405586486        5.8513906888       26.2363573654
         9.7063954700        4.2037057409       23.0045053974
         8.5702592514        5.5047272637       19.6323989480
         5.1855099683        4.0280652735       18.6949651027
         2.7004716664        5.9640701511       20.7718768379
         1.8447660508        7.4307104720       24.1406145142
        22.0763943013       -6.2457822624       13.5347726981
        23.0060598315       -5.2129181151       10.0050441735
        20.7087542346       -2.6845830682        8.3817584916
        17.2190773561       -4.1110458556        8.2021183554
        15.1250736034       -3.6915486237       11.3094429742
        16.2748150240       -2.2853962310       14.5790895374
       -16.1182593308      -19.8250661096        4.1262502019
       -13.0604578370      -17.7531143111        3.3497303657
        -9.5466840522      -17.0522953089        4.6045937390
        -8.3139952656      -19.4362508476        7.2952820499
        -9.6959537301      -22.9503934484        6.9665955925
        -9.5060082877      -24.3862358495       10.4890087781
         0.0151745745       17.2183663019       20.3276634218
         1.3112645357       13.6969439744       20.7127000299
         2.0889004730       11.1988041583       17.9795463030
        -1.0224749143        9.1064418219       17.3520715058
        -3.9896656305        8.3159268075       19.5658965830
        -4.9363624112       10.4727721428       22.5137301412
        10.0692527975        0.9871086538        9.4174375930
         7.5365043646        2.3776078724        6.9652686552
         4.2899341148        4.1507233183        7.8118115678
         1.8821946499        5.0240342468       10.6204243131
         3.4139564752        7.1796578398       13.3725968200
         6.9625919171        5.8850212844       13.4632846600
         6.8717718125       21.7401553395        8.1842445559
         4.4888414027       19.0937965357        6.9474780376
         2.7742941995       16.0354590977        8.3723221302
        -0.3609772779       15.7407757135       10.4781707306
        -1.0381061345       13.9572334419       13.7560608552
        -4.4679468685       14.0628646981       15.3722951255
       -15.1831779774       15.1726226815      -16.2084164709
       -13.3870888528       12.7194158753      -13.9611731927
        -9.6367283976       13.0274858344      -14.0387874452
        -6.7241100946       15.0353220788      -15.4042286316
        -8.3826011612       18.1695986923      -16.6894297596
        -7.6004436197       21.5367517675      -18.2111134408
         8.6365719736      -19.6246852064      -14.4024200913
         5.2083735767      -18.0241374550      -14.6489800972
         4.1024773348      -14.4159259971      -14.5243581259
         2.3110051741      -12.7087895522      -17.3971610505
         2.5783517973      -14.8238166746      -20.5162053604
         0.0694714745      -15.5773007524      -23.2413717015
       -12.1518064194       -7.7158378060      -13.1565250047
       -10.0679016428       -9.4456385043      -10.5586271006
        -7.4770917420      -12.1485090782      -10.9954451836
        -5.7428405479      -11.1953834680      -14.2248242737
        -7.8779290400      -12.2461895961      -17.1534538363
        -6.2766620903      -13.9639380563      -20.1114823897
       -13.6036785129       21.7905189735      -13.3953659829
       -13.4333299087       19.5243232642      -10.3659249915
       -11.8487210763       16.2119215162       -9.5212239600
       -13.9396727107       13.9660892235       -7.2941227710
       -17.6688263067       13.8303789724       -7.9397541007
       -19.7273664411       15.6605042065      -10.5366821004
        10.4753288233      -23.7018077937       -8.3764212593
         9.5215841960      -20.2211761836       -7.2602046923
         6.1989412761      -18.8429444057       -8.4951266773
         3.5231928035      -18.9029421182       -5.7708302680
         4.9469296217      -17.2301388242       -2.7002776648
         5.6571634076      -13.9692132263       -0.9899283284
        -9.7494761630       12.0862112318      -20.4476878254
        -8.2142028253        9.3215764235      -18.3879192990
        -9.6107949043        7.8915856982      -15.1628368376
        -7.8169647898        4.8062403176      -13.8779483686
        -8.8260012878        1.2735623867      -14.7776944409
       -11.6146207671       -1.1440820155      -15.5783636445
       -20.3707962396        9.3675271917       13.4585458559
       -16.9143321960       10.8958965086       13.1029440165
       -14.5524185956        8.7611576335       11.0660342583
       -13.0966148595        5.3599005622       10.2285608285
       -10.1138471632        5.7324304584        7.9509273150
        -7.8849071767        8.6953035967        7.1838912089
        -1.2077457420       -4.5477872958       26.9210524871
        -0.1796710304       -5.5476326542       23.4239176037
         0.1341992729       -4.5693924869       19.7970634982
         0.7763966859       -6.4522819902       16.5821969206
         4.0984322323       -7.4702153370       15.0513012541
         4.1852761339       -7.1124240027       11.3161688084
       -17.8762369193      -15.1185001264       -1.7025999199
       -15.6537017955      -12.2615982557       -0.5802715185
       -16.8904831655       -8.9071599213       -1.8398571355
       -20.4847118320       -9.4816271590       -2.9291563067
       -24.1788203071       -9.7200582526       -3.7274884522
       -24.8976284282       -7.8603714217       -6.9703462649
         0.3621023056       27.7984506790        2.2151457596
         2.5450008992       24.7055499098        2.4395595709
         0.4508614820       21.6761460123        3.3078126589
        -0.8955353594       21.6421460180        6.8842951498
        -1.5069259240       24.9691271621        8.5879250253
         1.7417417315       26.7223149458        9.4703886562
       -12.4854208500       21.3856811507        5.1255716276
       -11.3328345614       17.7941258942        5.4064221395
       -10.2696801847       14.4316398286        6.8093334223
       -11.4308544718       12.7428540965       10.0183305992
       -11.4963096316       15.5949098021       12.5417174148
       -14.5262889814       17.7466268473       11.7211875714
        15.6230967866       20.0884196936        3.7926725637
        12.7677898996       18.4006473943        5.6223739127
         9.6286986019       16.3763924763        5.0412086880
         8.6217722129       13.4380194440        2.8634794487
         4.8392723579       13.0529630199        3.0145318603
         2.4934190095       11.3483063761        0.5912552807
       -22.3250617224        9.4658250820      -15.1291266609
       -19.2283821764        8.8327304022      -13.0717129970
       -19.4313630527        6.3278645264      -10.2462946177
       -22.8084842888        4.5911533207      -10.3676894586
       -25.3736980911        6.8585839478       -8.7172878381
       -24.2553081794       10.4006882231       -7.9187694366
        21.1164425650       13.4583504791        9.4071633330
        17.8459565268       15.3157277717       10.0046663050
        14.3973119394       13.8586803723        9.4160890055
        12.3027704787       12.5334636397        6.5176994432
        14.7131298284       11.1803068239        3.9261447151
        17.7668538508       13.2496362155        3.1136915437
       -12.1386658880      -24.1432787787       -0.2242496615
       -11.7121442021      -21.3671657798       -2.7820721403
        -8.5331602570      -20.4334210368       -4.6655107164
        -9.2512728602      -17.1299903465       -6.4037066320
       -12.4032216027      -15.0223348463       -6.6724769926
       -14.8009440721      -17.6133754170       -8.1406576549
         5.7832024690       11.4146477536       -6.1275599712
         4.6302790577        7.9639594562       -5.1505928232
         6.2325636539        4.7672566107       -3.8765423092
         7.3725365623        1.7423117539       -5.8731595087
         9.6407096512       -0.6575326749       -4.0512087852
         9.0965604620        0.1914335660       -0.3989264839
       -10.7503871233        5.6504048211      -24.0913205544
       -11.4817886354        3.4916224071      -21.0727143437
        -9.3589260464        0.3372689281      -20.9700050922
        -5.9529847803        1.4357496754      -22.2614510448
        -4.2342382062        3.6163672003      -19.6771419769
        -2.5260478022        5.0164566504      -16.6180762333
        -3.4466833522        2.4263327453       24.6006562001
        -2.5380487318        0.7838726574       21.3278444398
        -2.9742464200        2.7402214715       18.1302383754
         0.1475032963        3.0787436117       16.0397970477
         1.6726954212       -0.3603608448       15.5725520748
         3.7772958520       -0.3370758575       12.4665858624
        19.2882720867      -12.1393586591       -2.3471088519
        16.6561222422       -9.5522077632       -1.4987171377
        16.0758619993       -8.7046245800        2.1616625493
        16.0300653176       -8.5765168585        5.9638871649
        17.5662947362      -10.0265793034        9.1273783955
        20.4608878474      -12.4215354869        9.5964381793
         2.7143728408        2.9150507964        0.7498527334
        -0.1031448533        4.0443346161       -1.4776077801
        -0.5151290353        4.7114276343       -5.1869071459
        -1.3618293849        8.3006541005       -6.1244829508
        -1.4349496677       12.0823932044       -5.8223074572
        -0.2428623984       14.4760602911       -8.4608128653
        23.5773750889        0.9975638465      -15.2396093923
        22.0663379281       -0.3893974882      -12.0708580964
        21.3416790719       -2.1370356965       -8.7745678222
        22.3043526225        0.4506524590       -6.1612568510
        26.0821147290        0.8588504243       -6.1962813693
        27.5916200520       -2.2891352167       -7.6983181093
        12.5623476668        8.6060687406      -22.6114860766
         9.0921573141        7.6595714211      -21.4146422565
         7.2566119762        8.2120106644      -18.1213639154
         4.0092114843        6.2301601311      -18.3462679800
         2.4432311948        5.0691813845      -21.6028756938
         3.2971031146        5.3544256191      -25.2646612922
        15.9379847581       16.7766631068       -3.3850916792
        12.9272998243       15.7320769251       -1.3394720156
        10.3765218260       14.0945184558       -3.5711011730
        12.0207357068       11.8683392822       -6.1434540526
        14.5154674528       12.2763975160       -8.9482541328
        17.8242273954       11.8467405732      -10.7275187038
        -2.0825016616      -18.5602485162      -16.4325152567
        -1.9262105931      -15.6556598986      -14.0174859865
        -0.9885349101      -11.9807635118      -13.9220091093
        -1.9437844872      -10.2331754113      -17.1676956504
        -1.2675417751       -8.8312620385      -20.6268954338
        -1.5113843185       -8.4743401376      -24.3785589217
        -2.2241212910       18.5704096947      -22.2872012562
        -3.3903487593       15.2157574164      -20.9983003133
        -3.2286240412       12.9293736556      -17.9850018444
        -0.5289352334       14.0447364233      -15.5413866656
        -1.1826980176       17.6593686301      -14.6083406337
        -0.7791670954       21.2328541009      -15.7527794741
        -0.6325756734        7.1261765235        5.6166664892
         0.0217698649       10.2271021635        7.6697806656
        -3.2006160906       12.0308672447        8.6290814823
        -5.8037464353       14.6870577090        9.5058613441
        -5.6209380793       18.4965904999        9.6977776203
        -7.6435038347       21.6097317828       10.4291766360
        -0.9681689492       -0.9081892492      -24.6727054933
         1.4283424043       -2.1385374371      -22.0325878544
         1.6614969331       -0.3081358840      -18.7306482886
        -1.4862086369       -1.0023995966      -16.7476254267
        -4.3695676039       -3.1008443947      -18.0381520132
        -5.7218899771       -5.4139728585      -15.4131974451
         3.6716065083        3.1464084174       -9.9903967596
         3.2234820941        2.4520057234      -13.6514238680
         4.8655462074       -0.8936922850      -14.1456472614
         5.1388042945       -2.8546288827      -10.9144965717
         3.1692283574       -3.8222172717       -7.8479588598
         2.3155597981       -1.7084638389       -4.8778662526
        19.1592037048        2.0902490018       19.3963350265
        15.9504849283        0.9365152893       21.0743385592
        12.8238690967       -0.9934723364       21.9984178898
         9.9878685064       -3.5020263166       22.2504913292
         9.4875892638       -4.6030607995       25.8457778052
         6.2533430831       -6.3047799325       26.9147136090
        23.6442887013        2.5684891412        9.1863566268
        21.6801196425        1.7861320885       12.3490771526
        18.2430692388        3.2507587238       13.0538830438
        14.5859100679        3.5225716932       14.0808766262
        13.8691359671        6.2032615705       16.6836127320
        14.5232045690        8.3358165449       19.7277750052
        13.2045481004       -5.8461934061       -7.6784836500
         9.9337519129       -6.3327293537       -9.4659431771
         7.4647666280       -7.7607713591       -6.9904940138
         6.8650180677       -6.1757869626       -3.5933760238
         9.7169538616       -7.2892341327       -1.3615246040
        10.1956770282       -9.4468803295        1.6805400910
       -14.7158893860       -0.6194676870       21.3815731429
       -12.1789465118       -2.0443227231       23.8242634792
        -8.4991001568       -1.1442822084       23.5171921315
        -6.0710705343       -4.0362384961       23.2141110550
        -7.2730455876       -7.5663403793       23.9276938944
        -5.0243825231      -10.6266033016       24.1669955737
       -10.8344620704       10.6459329810       17.8560630086
        -9.8037401399        8.8562379779       14.6948811448
        -9.4621309021        5.1986777606       13.7450107989
       -12.3294645661        2.7567164830       14.2771457124
       -15.3156922125        4.4532840682       15.8445389359
       -16.4104969491        6.1732685310       19.0226555874
        -6.6769851060      -20.3907957869      -10.7725991963
        -8.7487280283      -17.7717337778      -12.5631941629
       -11.3325691982      -15.0143518599      -12.8826811281
       -14.5944717734      -13.1882799664      -12.2315611568
       -16.6421175350      -12.9066316442      -15.4012533839
       -14.9834013882      -11.5060820381      -18.5241035950
       -25.5917417859        7.2517667133       -0.9063551999
       -23.0509405510        7.2159121577        1.9245301099
       -19.4096333607        8.3165837453        1.9174314281
       -18.9258939133       11.7653295418        0.3834536161
       -21.6880356895       13.3148624340       -1.6917437366
       -22.6050669650       16.5091021722       -3.5130850507
         5.5205007675      -10.2075686823      -25.1357514099
         5.9302283325       -7.6241653046      -22.3847528965
         5.1658869305       -9.1851492456      -19.0353202463
         7.1597958304      -11.7061898448      -17.0261952090
         9.4949499752      -13.8546858169      -19.0666867740
        11.6872663732      -12.0842957131      -21.6081390123
        11.3343490558        6.0215397593       -7.2156447965
         9.6231684912        7.2026496756      -10.3828535938
         8.1401918481        6.0673959960      -13.6879813753
         8.4169090086        3.6534907258      -16.6163690890
         7.7118309732        0.8437434500      -19.0798090530
         8.0903795713        0.2327818219      -22.7942064042
         5.2617193624      -26.6523779388        4.5335546929
         1.8341208609      -26.5105058630        2.9093138109
         0.7156516341      -22.8918953593        2.7885624696
         3.8803528412      -20.9597344474        1.9338068928
         5.5080544124      -18.8472651772        4.6272031563
         2.7827148611      -17.8055412189        7.0367360744
        -7.9340327323      -15.3647518509       -0.8964439946
        -8.6034028312      -11.9707092133        0.5426804236
       -10.8827589042      -12.2734214294        3.5579218806
       -11.4812472320      -12.0429859006        7.2916960884
       -11.4204761242      -14.8760569029        9.7882548255
       -13.5886490975      -17.8173070734       10.7349808107
       -27.6962217993       -3.5093654813       -1.3775294568
       -27.2355732196        0.2590084436       -1.1286769605
       -23.7957578025        1.2094929604        0.1646079332
       -22.8947715659       -1.7722935456        2.3644631084
       -23.5019867948       -1.2564807367        6.0700105253
       -25.1352134574        2.1454583724        6.4510543048
       -19.2678013140        7.0266919633       -4.1330998434
       -20.3311552739        3.4836160994       -4.8922133658
       -17.8928293552        2.3950164115       -7.6288186980
       -18.6436988419       -1.0703304355       -8.9398606630
       -22.2656160320       -1.7652167437       -9.7728960666
       -25.4460734633       -0.5594460945       -8.1109337011
       -13.3404078008        2.9407698422       -3.5034640191
        -9.8515431711        1.7294258798       -2.8380661172
        -7.8772241844        2.7714943644       -5.9001241284
        -9.6940795349        3.5780731016       -9.1278738238
       -12.9340060546        4.9914026589      -10.5379025297
       -13.8387743329        8.0172439680       -8.5303499489
       -17.2289119084       -0.8269342191      -20.8705456634
       -14.5073733776       -3.2637395653      -21.8815051970
       -13.8369971710       -5.6322880763      -18.9922938182
       -10.2558665541       -6.8594466529      -18.9957634338
        -8.4766271931       -7.2808717485      -22.3165860064
        -7.5335851236       -4.2536896409      -24.4033131834
        -8.7371156885       -8.5947765117       12.0370530057
       -12.4459809950       -8.0907563238       11.9216497046
       -13.7543533607       -5.1005913708       13.8117027542
       -14.7747137197       -1.7787754816       15.3302538949
       -18.5842940956       -1.7406474790       15.3163345814
       -22.1565250668       -1.5142368005       14.0391379167
        -1.8558368828       21.4508263641       14.9563810840
         1.5443673070       20.6991953128       13.4856052159
         3.6988258477       17.6734220630       12.8001784604
         4.6112278881       15.7975754520       15.9706854122
         6.9013039159       18.1545823624       17.9061085784
         8.5343374090       20.6845631590       15.5777511818
        10.6999706034       13.7657728908      -17.8254186660
        12.2960924655       11.0781699643      -15.6754850185
        12.1713900617        7.3124225210      -16.1354474552
        13.0156828006        4.2649462498      -18.2328125741
        14.7427653916        2.0020266375      -20.7357915803
        17.7685189212        0.0991994066      -19.5000467780
       -18.7167609911       18.7062689797        2.4114903089
       -16.0416086112       17.2110871526        0.1804242421
       -15.3774945994       14.5408533370       -2.4007837631
       -14.9572556781       10.8394635358       -3.0537104397
       -13.5709038277        9.1076092694        0.0469010484
       -11.1075511993       11.5745173538        1.4884161359
       -18.0746013705        1.9056409748        1.7675566120
       -14.6982969967        1.1431073117        3.2788066266
       -12.1229504881        3.8270679021        2.5868627891
        -8.7346459998        5.4334539415        2.0237454940
        -5.8458217455        3.0851823660        2.8858671248
        -7.4045978187        0.0515256779        4.4808812009
       -12.4558355540       -1.9849978562       -8.6131800535
        -8.7592623815       -2.7033739851       -8.7680417674
        -6.1999404332       -1.8148881566       -6.1155859540
        -3.8824201398       -0.6305743446       -3.3504382043
        -2.9579742429       -2.6837254563       -0.2803199915
        -3.4919762119       -5.8583939426        1.7326691518
        16.5150369544        1.9089503810       -3.8685102802
        16.1569423320        0.4892189823       -7.3331068025
        15.6675768733        3.1625964159       -9.9526740930
        15.3852032690        6.3117715227      -12.0629285940
        17.8865421237        5.6156387526      -14.8293024471
        18.3428586956        7.7705490920      -17.8996094861
       -20.6204799210      -14.1581372951        5.1313292190
       -17.3849955632      -12.6946526329        6.4321602937
       -16.8265219685      -11.9467973466       10.1026033031
       -17.3666793405      -11.3225862518       13.8034386656
       -17.9534861015       -8.7665299373       16.5500941244
       -15.4228634656       -7.4401883855       19.0640337461
        -2.0307020686      -10.1098587522       12.7286191658
         0.2665864081      -13.0974280948       12.4935811995
         0.8228960874      -15.2801223672       15.5393454744
        -2.6318973497      -15.5215632515       17.0810703979
        -3.9109199630      -16.6836756825       20.4422477088
        -0.9798444219      -18.2339086526       22.3050695973
       -20.2755242537       12.7250207306        6.3435057739
       -16.4956892461       12.8956176293        6.1738515217
       -14.0176210470       10.0643065336        6.5044479263
       -15.6288327401        6.8251407663        5.3290328279
       -18.5808300150        5.8955327585        7.5237369499
       -18.5019566113        2.7116371562        9.5283994142
        19.1603349027      -12.8049102594      -14.8660456614
        15.4332423319      -12.1874890296      -15.3682740385
        14.1269178181       -9.8705328740      -12.6388187269
        17.1480168095       -9.2515800654      -10.4390295968
        20.0583317090       -8.0895290306       -8.3657308002
        23.2991016640       -7.7057572434      -10.2810471349
        -2.7103141047      -17.7132066182       -5.2595916792
        -4.0779558768      -14.5743682497       -6.8742202837
        -6.8582046377      -12.1427052390       -5.9598061841
        -5.4508596937       -9.3061110735       -3.8559629486
        -3.3205210792       -6.9971721259       -5.9673345310
        -2.9128822153       -8.0032028497       -9.5943407752
         5.7133656035       -4.1675695678        4.6257639496
         3.6975724644       -4.6749015927        1.4761603757
         3.5333698876       -8.1805413614        0.0027470368
         2.4383503982       -8.3937207682       -3.6380516652
         2.5840654392      -10.9958232421       -6.4133093004
         2.5027149528      -13.9141122842       -8.8053507046
         5.8212263106      -16.9712914268       18.6893075929
         7.0429661104      -14.4977414745       16.0809389198
         6.1605978624      -13.0791584642       12.6849463031
         5.5115617753      -12.5942101062        8.9812682537
         4.6317283229      -11.2910146882        5.5225979146
         1.1174774089       -9.9624800714        5.6773567258
        12.2362417846       -5.0517026220      -19.5906662742
        10.5145808261       -6.6813364417      -16.6182470339
         7.8826831246       -4.2874406005      -15.3084321187
         4.6483994117       -4.3858446979      -17.3437717312
         1.9169331458       -5.8734010935      -15.1024607019
         3.8644398753       -8.4705438050      -13.1291471136
         4.1292115970      -23.8662137236       10.8833048255
         6.1478844586      -21.1103270542       12.5540242247
         3.8004066113      -18.1345116202       12.8195494772
         0.1453821643      -19.2028557164       12.6692631158
        -0.4288019037      -21.2594003148       15.8119741144
        -2.8456678233      -24.1694135093       15.5872709884
        14.2312460408      -13.5755861458       17.6488142208
        17.3467007077      -11.9907124584       16.1511295103
        16.5677796019       -8.4482329088       15.0156607707
        13.7972066157       -7.2764134617       17.3495442159
        15.2397466670       -6.4601969412       20.7594556718
        18.9569188608       -5.7931953771       20.2845879250
        15.0704032053      -17.6651197626      -10.7150697507
        16.3293996080      -14.9198060557       -8.4275241490
        15.0759018902      -11.6949090572       -6.9076932377
        11.6116257598      -11.1811257151       -5.4534573032
         9.3402757333      -13.3075939124       -7.6051217709
         9.3165682516      -13.1398610209      -11.3733793808
        -4.4369083594        9.3838899679       -0.0569539246
        -6.2001069263        7.6451929985       -2.8668778920
        -9.6278638269        7.7321653350       -4.4224322775
       -10.5495281760       11.3892860744       -4.8352862612
        -8.3843541955       14.4282677742       -4.3018257528
       -10.3054394822       17.6743394732       -3.9579881894
       -19.3216238067      -12.2079557221       -8.4524976748
       -17.1079811991       -9.1855299814       -7.9900158596
       -17.3112027671       -5.6606587137       -9.3244539029
       -16.6987353318       -3.7415243113      -12.5528375555
       -18.6832427622       -5.4000752474      -15.3279463502
       -21.3666496317       -7.6327058151      -13.8226847741
       -21.4380469633       -7.7413131482       10.0934357752
       -18.4430388527       -5.5714867637        9.3128852215
       -17.7403674975       -2.9794796383        6.6289446315
       -18.6653971998       -4.0057939426        3.0858779008
       -20.4415346070       -7.3319212742        2.6942117966
       -24.1279652140       -7.9121764302        3.2717579593
         0.6489738559      -21.4247729616      -10.3091982437
         3.4481267844      -23.9213277666      -10.8410551481
         4.4713776743      -25.9387315860       -7.7840311622
         4.9690921251      -23.2898000073       -5.1070128907
         6.7658451061      -24.6078602719       -2.0765046286
         9.3686887064      -22.4918955186       -0.3246713430
        -0.1269877430       -0.2421124491        6.2574790605
        -1.0319595961       -3.4089898311        8.0931011866
        -2.1909311023       -3.5716640819       11.7152429662
        -5.9642149717       -3.1482961206       11.3576341585
        -9.3082820925       -1.3894202543       11.2322076720
       -12.6299407779       -1.1333577311        9.5192759067
         3.9150042263       15.8596319877      -19.3760814999
         3.2409879372       12.2507853376      -20.3512510113
         0.5448595644       10.1156113126      -18.7562068337
        -2.2814135074        9.1877485391      -21.1061910432
        -3.8567381733        8.8920128354      -24.5308248567
        -3.8409923157        5.6470634001      -26.5082344789
        -3.9468271752      -24.9045340178       -5.7139384451
        -0.5935335130      -24.8011444739       -3.9259606916
         0.8993776134      -21.8418101745       -2.0846605785
        -0.1082632134      -18.9461999501        0.1591122618
        -0.9712097306      -15.4751896220        1.3653668797
        -1.3286726469      -12.2517926204       -0.5688915168
        12.6158501469        7.7563859763        9.9399654555
        16.3274052359        8.2343682957       10.2436960452
        19.8902869512        7.2309937376        9.5180040859
        22.4917926811        7.9776321308       12.1867747419
        20.9742160090        8.1935744749       15.6741997846
        19.7570813635       11.7324734077       16.2832094107
         9.7769214296        0.3561722209       16.8854034363
         9.5393295488       -3.3156371598       16.2235717282
         8.9934257252       -3.9130349272       12.5427163979
         9.5753376870       -5.1061827267        8.9968651200
        10.5515861816       -8.7827770383        8.9151313893
        11.0539444503       -9.6364133588       12.5775850001
        13.6805645298       15.5973198861       19.7639427048
        13.7886907374       15.5956178205       15.9802697615
        13.8537052023       12.1805792681       14.3093566417
        10.4008052629       10.6864845435       14.8173917138
         8.0878511635       11.2021363516       17.7586628662
         7.9756977069       11.3420563450       21.5298920228
        -2.9575756731       18.4733412408       -2.6937071388
         0.6579863214       17.8453377657       -1.9417203955
         3.5652004058       16.4557733677       -3.9179709261
         6.6244418537       16.2800999709       -1.6764358173
         7.1426598371       19.4296467613        0.3786995441
         9.2689859358       22.5156830415        0.8223751989
        -3.6211415296        6.5933636459       12.5755906034
        -3.8732109110        3.0898329812       11.1914937995
        -4.2163329166        0.5905648674       14.0350942681
        -7.2117982652        1.5469029339       16.1850340376
        -8.9423746537        3.0508141230       19.2075593308
        -9.9453446721        4.9406028500       22.3237068321
