       26.4564890336       -0.7688740098       -2.4622274193
       23.4047217858       -2.1826505103       -0.7181752626
       20.9833585490        0.6937850723       -0.2069647586
       21.6990469352        4.2162427892       -1.4262758128
       24.5902527400        6.3866296354       -2.5531623149
       24.0375107493       10.0305568193       -1.6352790612
       15.6476180757       20.4864968124        1.6637548692
       14.6357782884       16.8525214157        1.4655833164
       14.1662131477       14.5659246556        4.4308449379
       12.1921602699       12.4791708960        6.9266635609
       14.4635763128       12.1266944196        9.9422591048
       14.8586262389        8.3903313772       10.3448098981
       -7.3103160102      -22.1442766972       11.5503925101
       -5.2401041664      -19.1252671552       10.5675055609
       -7.2594190064      -15.9816880993       11.1178372026
       -9.1880104248      -12.7240871880       11.0675319526
      -11.5106079471      -11.9896161292       13.9496332019
      -14.1081307899      -14.1832919300       15.6007176529
       15.5508868564      -10.0730121482       15.5791773949
       13.3033367880       -8.2332511913       13.1659114222
        9.9048055343       -9.1665370998       11.8012314739
        8.3319728296      -12.1561095168       13.5140020688
        9.7160013095      -14.5621362948       16.1093218628
        9.6485095802      -18.2815866078       15.3163354863
        1.6367225051      -27.6897555807        1.5328974309
       -1.7121978156      -26.7085499378       -0.0071181340
       -1.6459947958      -22.9686970286       -0.6068220829
        0.8289365458      -21.3121144972        1.7510843968
       -0.2113227407      -21.7734467970        5.3730497937
       -1.8972047119      -24.6914286290        7.1170534793
      -12.9675826204       -2.5169595516       11.2314168192
      -10.7861325928       -4.6162617483       13.4839791137
       -9.2824047121       -6.7653066837       16.2169305603
       -7.6350198345       -9.6802232784       18.0452788841
       -9.9225819466      -10.7726838281       20.8810801697
      -13.1617929954       -8.8130711913       20.5435395130
       -1.5236093965       14.0058902396        5.8745132505
       -1.7605939414       11.4517013896        3.1061288900
        1.4250357251       10.7711031290        1.1974999751
        2.6245294419       14.1991428536        0.0423842309
        5.0120462351       15.2605470751        2.7599229647
        8.3640915462       13.6161903583        2.6096358387
       -9.6032105138       -2.6358952507      -22.7483702868
       -8.6137632081       -2.2611172648      -19.1022977517
      -10.5864062189       -4.8999110682      -17.2367389590
       -9.2635741580       -8.3006713855      -18.1840330417
      -10.2344484553       -9.9042682822      -21.4628188685
      -13.0473814763      -12.4444948248      -21.3020818143
       20.3836271056        9.0825232446       15.0350177708
       21.2715378386       11.4220333395       12.1866621768
       20.4819103380        9.9734615567        8.7631879406
       20.5829759492        6.4198369745        7.4350488704
       20.7621987936        3.7905977788       10.1350975785
       23.5699484971        1.6011711877       11.3769153343
       12.6920791425        1.9653528155        8.1896673681
       15.3924640914        2.8042116547        5.7267996342
       18.7508672344        2.5354341380        3.9953748983
       20.3480142406       -0.4164129700        5.7979920364
       22.3610798752       -3.5668092409        6.2373378871
       24.9370914555       -5.1003241480        8.5324017229
       -4.8530422544       27.2801968395       -1.0471377404
       -3.6022726121       26.6774277266       -4.5946968791
       -5.0944630747       23.8433460127       -6.6383836053
       -3.7278103514       23.6155642413      -10.1838730744
       -3.1115152753       22.1225606778      -13.6298712015
       -2.7412761213       19.2153455460      -16.0482853608
        8.7729359847       11.5154477707      -11.6595458542
        6.2161070756        9.5272853703       -9.7463181416
        3.8206297004        6.7920460492      -10.8046952647
        1.8375303192        4.0515750653       -9.0899498733
        1.5095506480        0.4439811385      -10.1458478507
        3.1213607185       -2.9368109483      -10.3431183679
      -18.0409750964       11.3166813024       -8.5758870096
      -17.9932810458       12.8786064832      -12.0345000941
      -18.7500044191       10.0689390719      -14.4870941750
      -21.3227318296        7.9768566382      -12.6192037920
      -22.8837470620        5.4794719994      -14.9948378432
      -21.2975841723        6.0213486131      -18.4114241577
      -10.0877297376       23.3975919606      -11.2943609368
       -9.0299594151       20.2510746382       -9.5086332405
       -9.8842449318       16.5813034034       -9.7051389587
      -13.4634097058       15.6386258173       -8.8383808536
      -15.7798779022       18.4026594294       -7.6539669604
      -18.2920939691       17.5280435106       -4.9263413842
       -4.8982444428      -12.5918498511       -9.0670139474
       -7.9693005466      -10.5084556102       -8.4543178845
       -9.2041501258      -11.4302147088       -4.9698415706
       -9.7058440094       -8.0087100691       -3.3957428841
      -13.1104070091       -6.8700378390       -4.5408344730
      -16.7653218597       -7.7047252755       -4.5931686272
        6.8691699857       16.0481253818       -6.1882935999
        4.1203508109       18.0252116969       -4.5151137011
        5.4007649869       21.5544450035       -4.0024258294
        6.0570037372       25.2997970032       -3.8897172679
        3.6490873107       26.7693570999       -6.4590307260
        2.4810854634       24.2791012153       -9.0865702630
       20.0884174087      -16.6822027478        5.5137215554
       17.2547348690      -14.5572748300        4.2187298070
       15.0792079184      -11.4530496249        4.2890078194
       12.9713301315      -11.2405791000        7.4652157681
       12.3161212088      -14.3576034772        9.5073206173
       15.3733124043      -15.8004419193       11.2078357909
       21.4992037414       15.1861093523        2.9782559723
       19.9262880144       15.5441466514        6.4066633018
       16.8661184191       17.6765681265        7.1044166007
       16.1660124883       18.2767556710       10.7757365413
       14.4562715539       18.2713051697       14.1725382852
       16.2163891358       15.5091484658       16.1186432697
      -13.7194143435      -13.5049905134       -1.2319277611
      -11.7043919168      -11.3308054431        1.0744574536
       -8.0491822356      -12.1105797677        1.6337886248
       -5.7535946757      -10.0565248826        3.8781374702
       -4.4136774648      -12.5775782530        6.4114210878
       -3.9991759505      -15.7848711575        4.4196742230
       -7.0673905937        1.8286623007       25.3421079989
       -4.4313129566        3.9903103801       23.7079373869
       -3.5027752718        3.8962873256       20.0373151090
        0.1455013390        2.8491367857       19.7498388025
        0.5938580675       -0.9177961702       19.8480514333
       -0.9094985844       -2.1125267678       23.1299271163
       -1.8294923816        5.8795131811      -13.4836163233
       -4.1852537987        8.8196263742      -13.2420646447
       -3.7122423213       11.9129788714      -15.4059068519
       -6.8122813414       14.1190787820      -15.2520197898
       -9.4831449556       16.7312707642      -15.8790541492
      -13.0688300272       17.4194780374      -14.8399858741
        2.5775267182        3.6889168349       25.6306355951
        2.0492174593        7.1053477244       24.0386079604
        2.1221037252        7.1072615950       20.2573513344
       -0.4310912904        7.3790398203       17.4717836803
       -3.1994604834        9.8010384485       18.4211640052
       -3.9245316787       10.9244302144       21.9566705298
       14.8029288288       -3.5792559130       18.8389348041
       12.5365773410       -1.5032910255       21.0710842133
       13.5871032655        2.1359882700       20.7293195494
       12.5336524053        3.0924026531       17.2017909277
       15.6239348790        2.9355258408       15.0164542216
       18.7256672914        2.2676203779       17.0894461263
      -12.5848308199      -20.4236401569       -2.4410216172
       -9.8721183720      -22.9956905103       -2.9945236923
       -6.3414860691      -22.5650964091       -1.7169923380
       -5.3408057500      -20.9356633000        1.5605927383
       -7.8145481988      -22.0266404667        4.1966017375
      -11.4358403749      -23.1024577338        4.4001973910
      -10.0482344135       13.8718399054       19.4841107119
      -13.7953117969       13.2966364636       19.6712993607
      -15.3929075086       11.2738592440       16.8819719401
      -12.4654442513        9.8789883829       14.9107505562
       -9.0500461721        9.6965653392       13.2999198521
       -7.1206708639       12.9313050050       13.1484830943
        8.1105733779        7.3202459454        6.3625944098
        4.4834283161        8.4668348047        6.2078004230
        2.1833758432        5.7765939136        7.5555514524
       -1.4409883730        6.6997414615        6.8301073234
       -2.9125268396        8.3839258539        9.8469621780
       -0.2750898041       10.0091219583       11.9335463922
       -3.4220679881       26.5978385669        6.1898891032
       -3.1929030922       23.0109435524        5.0464978656
       -4.0899947193       19.3532777071        4.8210887797
       -6.3456845528       16.6026804717        3.4837901931
       -8.7163942837       13.6605984975        3.4613968365
       -8.3858084763       10.9656105630        6.0936973326
       -8.5842049889        4.5239769284      -22.0963174441
       -6.5609651795        4.5573465828      -18.8862107002
       -8.7022724629        6.6213544015      -16.5107316976
       -8.3282805090       10.2297980994      -17.6505019708
      -11.3186351820       10.8525483854      -19.8906599743
      -14.8577823650       11.6242580433      -18.7922607694
       19.5911202656       -9.6248942177      -12.6990691293
       17.7358982797      -12.9269437955      -12.8294030097
       16.1225005432      -14.3778200895       -9.7176624801
       14.1265815032      -17.4502578903      -10.7357542484
       12.2818966634      -18.3631174149      -13.9193547188
       12.4884824628      -16.0774256094      -16.9395579342
        0.6291023749      -11.7791042119      -16.9397524083
        0.7620272339      -13.4874739378      -13.5923245766
        4.3197413765      -13.8011148613      -12.3319687838
        6.6742111980      -16.1252169698      -14.1774195225
        5.4835457469      -17.9605954225      -17.2618630966
        4.7579417184      -16.4320723027      -20.6397989199
      -15.9756557039        5.0971536183      -12.0325504218
      -14.7018501209        5.2043841547      -15.5845036051
      -12.0873294545        2.7880333381      -16.9277937241
      -14.0806121161        0.1669883032      -18.8362959226
      -15.7068273533        1.6615276883      -21.9138539481
      -15.6200065860        5.3601410682      -22.7710139209
       18.0986061225      -19.5086440926       -1.2980591273
       17.1428354246      -18.3349372948       -4.7793147563
       13.9892939326      -16.6547049090       -6.0185401687
       11.3895280540      -15.8384007687       -3.4100153266
       11.7925225019      -16.4934492824        0.2605497868
       10.0155654786      -14.5852701202        2.9441538801
        8.5739819638        2.5320439179      -22.0875397010
        5.1999702153        1.0617496148      -23.0662564960
        2.2874427080        1.6935881458      -20.7452283304
       -0.7096768669        2.2623562149      -18.4566953766
       -1.2618805460       -1.0696637785      -16.7233261900
        1.6195403546       -3.4681527658      -17.3438851930
      -23.1336101570        8.5593076938        6.3805395702
      -19.9357194450        7.5736611446        4.6389042311
      -19.0386585224        5.6099411361        1.5586055534
      -16.3914295572        2.9575588678        2.2108091276
      -12.8909195681        4.3799553090        2.1371532955
      -13.2302866160        8.1192751054        1.7863423245
       -7.6157454842       -3.9610673722       21.1956778619
       -6.5992142746       -1.3867961063       18.6081417693
       -5.4018348146       -2.8833733422       15.3296720065
       -1.7424553230       -3.4828961486       14.6354695986
        1.2637989215       -4.9299100053       12.8860523726
        4.8520380587       -5.9135791813       12.3343564172
      -12.0310655870      -20.7226257979       -9.9501053177
      -10.2097263100      -17.5152023429       -9.1526401618
      -11.5493359945      -15.4991829289       -6.2806096857
      -13.6366117675      -12.4342288194       -7.0676348699
      -14.6934812780      -11.7416587617      -10.6141534728
      -16.0185470215      -14.1990764036      -13.1617591503
      -10.2908522789       25.0149114603        3.6504714232
       -9.9846072910       21.2994616786        3.0507622116
      -12.1711436001       18.4478270839        1.8639942622
      -14.3442786642       19.6887136882       -0.9889712503
      -14.2335480374       23.1875712202       -2.4394887429
      -10.7291968715       23.8903523304       -3.7212893655
      -15.4766018923       21.1286749770        7.7162054371
      -17.0960437587       21.4494473249        4.2832856525
      -18.5520011709       19.0618276877        1.6942327398
      -16.4315125790       15.9478579253        1.1889641613
      -15.7643721644       14.2287805479        4.5122095378
      -18.8031079417       14.6736270021        6.7349476319
        3.6694201040       25.2828404695        7.3314074226
        4.2961758431       21.5949875446        6.8318326754
        1.5744450371       19.2589247032        5.6698311947
        0.1368113774       18.5759818104        2.2453998464
       -2.1168818795       17.7633580724       -0.6565885734
       -4.8439674079       20.2149209811       -1.4267038069
      -13.4194574306       -1.8538975962      -13.0552040225
      -12.2703063841       -5.0173614724      -11.3564450837
      -11.1403601014       -7.9666847811      -13.4389746686
      -13.4208764532       -9.4611954250      -16.0609999139
      -16.4556929107       -7.3936496709      -16.9577617696
      -15.8671672626       -5.4827148507      -20.1783492306
        4.2731256458       18.9409056113       15.7439327586
        6.9961031157       20.4184828135       13.5434707492
        7.6487952547       23.7169197168       11.7829227072
        9.5658030159       24.5505242054        8.5986917724
       12.0439032291       21.7815012918        7.8292107329
       10.6287126301       18.2950212506        7.5712240472
       -1.0232203631      -25.4461678226       -9.4026512710
       -3.1880426167      -23.9769488300       -6.6627996413
       -5.8526471083      -21.3169074642       -7.1392167333
       -4.0628986534      -18.4137503345       -8.7999159431
       -3.9332594491      -18.8735749717      -12.5606826504
       -5.8581107961      -21.9800731429      -13.5580734256
        5.6501082365        9.9262759989       -2.8217395395
        6.9348073642        7.3013560606       -0.5251170651
       10.0048915106        5.2115862681       -1.2086206212
       10.8001472210        3.5649564602        2.1318153992
        9.5587987181       -0.0207066556        1.9383683333
        6.1117157920        0.2719204261        0.3936923199
       10.8429593254       -4.4596730616      -23.1360638543
        8.5984334411       -4.5047209280      -20.1054386107
        7.1813306697       -1.7292512278      -17.9929431865
        6.0125061208       -0.0830985354      -14.7848868322
        4.7013240354        3.3587538950      -15.6905160482
        7.5452663692        5.8054210023      -15.7078202598
      -11.1293804010        7.3588619386       22.8448896534
       -9.4851477899        6.4950234557       19.5568319021
       -7.6112755798        4.5098804982       16.9424534782
       -4.6683019232        5.4084429962       14.7435247404
       -2.2634214998        2.5346658983       14.2320870795
       -0.6447060501        1.7674371520       10.9333012976
       21.1389161372      -11.1977532863       10.6085951796
       18.5675988699       -9.2540337532        8.6579249666
       16.7894296923       -6.8204267939        6.3709282222
       16.3977537798       -3.2380689189        7.5935993937
       17.2695610947       -2.6460434549       11.2196578821
       19.7629194421       -4.1889818043       13.6085402822
       -0.8351388699        1.9341517980        3.5432986034
        0.7640513570        4.7163674804        1.5576324474
       -0.1506480284        6.9128120676       -1.3969585461
        1.1771405573        6.5031119615       -4.9396556983
       -0.2555691886        9.3729166867       -7.0012196967
       -0.6215825207       12.2346822444       -4.6138959189
       26.9373651608       -8.4004923667       -2.7253637860
       29.1321875970       -7.1280550413        0.0909134157
       27.0015140257       -5.6021000641        2.8247713451
       27.9980563654       -2.0290418956        3.5941469647
       27.6208512590        1.3533402387        5.2662416147
       24.6933861004        3.3082572459        3.9007934481
       13.1274537534       16.7811125765       -9.8373886018
       15.6397193401       13.9770237549      -10.0797942221
       15.0157265540       10.3150827268      -10.8240029564
       16.4427012100       10.0039749380      -14.3493455245
       13.5272271907        9.8458155158      -16.7796808187
       13.7814749410        6.8310744752      -19.0697128441
        9.0064528159       24.7893343581        1.7938794065
        8.4711407473       21.1110957525        1.1358541838
        9.3303316711       18.2074870922       -1.1361286578
       11.9599743214       18.7859474177       -3.8161592673
       11.5200826292       22.3001051029       -5.1814538263
        9.4582238554       22.6484649666       -8.3521793118
        8.3622645906      -15.9003614028       -8.4037807001
       10.0317521144      -12.7428310785       -9.5682958176
       11.8733496442      -11.8039061793      -12.7178059636
       13.4872191673       -8.3919773604      -12.2509124028
       13.5975186213       -6.8983128408      -15.7241101678
       14.5073759609       -9.2086233590      -18.5700264023
        6.9307627175        9.7318040456      -21.5280071208
        3.5887530097        7.9742753092      -22.0011753964
        1.1620384561        6.5556811073      -19.4633542831
       -1.9477837383        8.6538703414      -18.9368196336
       -3.6915575565       10.4890769331      -21.7422995205
       -4.8276425087       14.0534117378      -21.0732780123
       -6.1020328206        6.3508880515        0.2853571330
       -6.5986056573        9.3680703506       -1.8940014756
       -5.6259078572       13.0025142825       -1.5531102333
       -6.7368757913       14.9184466601       -4.6514289420
      -10.1432466001       16.2588161509       -3.6018959319
      -12.6107067080       13.5120502805       -2.8410275418
       14.7789646978       -0.3374472640      -18.4518865263
       12.1820018061        0.3806037312      -15.8020801387
       10.4533798064       -2.1660855320      -13.5924562893
        7.6896673120       -4.7135825195      -14.0978506829
        6.4161081114       -8.2751310469      -14.2872298197
        7.5874279563      -10.7971373688      -16.8463017778
        8.5473901818        2.0430181698       -9.5782030856
        7.0794439812        3.2715239637       -6.3224413655
        3.7454153359        2.4829967483       -4.6837778276
        2.8498595885       -1.2026920952       -4.4727389018
        1.2071691229       -4.4692395734       -3.4270752710
        0.2421617474       -4.1536189049        0.2158690926
        9.4637100478        5.2679388764       23.7536581942
        7.9902483444        5.5531281692       20.2612397505
        5.1291055008        3.0552600910       20.2473981317
        6.2748752824       -0.0224303395       22.1799456491
        6.1800083166       -3.4045797936       23.8977425044
        4.3528182365       -6.7285788160       24.2692975323
       15.4306049800        8.0309997721       20.5461624227
       13.5612759950        9.1642220552       17.4688215899
       11.1939081614       11.1130374551       15.2694644766
        7.7074905981       10.6175181939       16.7173399021
        4.1547478648       11.8052708778       17.2657438711
        2.8005412806       13.4477510895       20.3897519188
       16.5526717725       -2.9562136185        1.6403554763
       14.7293415047       -4.0314419023       -1.4569484997
       11.9347720950       -6.5507776989       -1.6888870522
       12.1470896300       -8.9318732954        1.2793522394
       11.0785296205       -6.7463200726        4.1844411892
       10.6371740591       -4.8963595020        7.4287145159
      -19.4754115419       -9.1419838764       16.9285795818
      -17.2834123074       -7.3469800065       14.4140267036
      -18.4170790401       -3.7473796272       13.9345945059
      -16.8379203983       -0.9535164768       15.9469575705
      -14.6624774391       -2.0201841152       18.8684844733
      -13.2154311983        0.4202962616       21.3863908669
      -17.9100237697        9.3050504102       11.4916255116
      -14.8649318676        8.9103539027        9.2901717084
      -12.4495058128        6.4574696297        7.7790027193
      -13.6881987017        2.8780821371        8.0905169768
      -17.3976871521        2.2253891784        8.3955224554
      -19.8714856130        2.1802121815       11.2472773944
        0.6324618543      -23.5328563700      -16.5762659875
       -0.9661511238      -21.1588434710      -19.0925085864
       -0.6183944707      -17.6409119377      -17.7476439404
       -3.9626608962      -15.8564252908      -17.7944392285
       -4.8310224435      -14.8273570427      -21.3423694266
       -1.6354778890      -14.1155629661      -23.2721980910
      -24.9527787262        6.0090662549       -0.3823191714
      -26.4298813068        2.7919111775       -1.7578341805
      -27.7259045392        0.0206841090       -4.0146297027
      -26.2860263211        0.4792568222       -7.5036434387
      -26.0150383943        0.1048811366      -11.2678696798
      -25.8418332460       -3.3138509107      -12.8961925309
       23.6812199894        2.5868636293       -8.9628376695
       20.8692913389        1.3803972565       -6.7643100877
       18.9310804578       -1.0801159857       -4.6430523395
       16.6820243944       -3.1375536692       -6.9124623177
       16.1679154633       -2.7775711893      -10.6264001400
       19.1538287184       -2.4635142543      -12.9255185403
       12.4842663545       12.6780716605       -3.7372817510
       12.0400639979        9.3603226969       -5.4389741875
       11.7128240584        7.1409704820       -8.4773841433
       12.6012603279        6.0502031272      -12.0146624872
       15.9951933029        4.3865155694      -11.5678355718
       18.7706268138        4.5231754952      -14.1277049202
        8.4149291090      -25.2092957753        1.7279570838
        7.1329732623      -21.7239172479        2.4279254257
        5.8685195565      -20.4334542623        5.7646326054
        7.0572628317      -17.2612139241        7.4944942209
        4.8253767637      -16.5319228594       10.4723069709
        1.1253309355      -16.1368340076        9.8200957155
       -2.8324175435      -17.5150833572       -2.8761495137
       -6.4659218428      -16.4510661191       -2.8954058013
       -8.3749290977      -16.9809717505        0.3345346919
      -11.1920059704      -17.1809158764        2.8530257682
      -10.9403828739      -15.8644435888        6.3931010977
      -12.7592866072      -17.6425620047        9.1942050583
      -24.7682041937       -5.3290721205       -5.7506655798
      -22.3056409396       -2.9728205814       -4.1114852980
      -20.4848559825       -4.4004859781       -1.1200238361
      -21.4687631941       -5.8070399643        2.2574857638
      -25.1347038333       -6.2784704015        3.0290327049
      -27.3244536718       -3.9002183331        1.0407295107
      -21.9253337522       -1.3369676360      -18.8520651702
      -19.5657916969       -0.6753351927      -15.9813113944
      -19.8937576845        0.5476037315      -12.4111602920
      -20.6288324371       -2.1130623647       -9.8137357188
      -19.3484177103       -5.5642419653      -10.6884529588
      -21.1973899584       -8.8434483144      -11.0687050351
       -8.7931168707       -1.6330617379       -6.2969296138
       -5.9725541465       -4.0869348116       -6.0253100394
       -2.9596309705       -2.7859978467       -7.9226453458
       -4.1840230647       -0.8408323022      -10.9424381844
       -6.9421875969        0.9172936088      -12.8218097922
       -9.0626967251        3.6877553559      -11.4337506579
       -1.8504620672        3.6533203049      -24.4757337471
       -2.8674056138        0.0608178135      -23.7067135169
       -0.0714061046       -2.4299242732      -23.0769037721
        2.9740574033       -4.6962759552      -23.2682138992
        3.1878274247       -8.4350254944      -22.6380473823
        6.2240646532      -10.2231573865      -24.0384965023
      -10.2484334973       -8.1748025594        7.3045800422
      -13.8073456486       -9.2171228596        7.9864567545
      -16.4926666195      -10.2360249435        5.5229141119
      -19.5722271424       -8.1022528939        6.1668752511
      -19.6516257459       -4.8283476934        8.0760594407
      -22.9731891286       -4.1622423568        9.7666163251
      -12.8732702870       18.4321523617       14.4315249308
      -14.1181457552       15.4227779205       12.5114650751
      -12.1143044992       14.1793943372        9.5544832405
      -11.0423123868       17.2104100616        7.5418556971
       -7.9400041672       18.6038094099        9.2137992415
       -8.2279533847       22.2518349794       10.1984594787
       18.0428128784       18.5553195991       -4.8408669463
       19.3953209124       15.1110101861       -4.0347553483
       18.1532423902       12.5778951005       -1.5089125131
       17.8717300298        8.9709261671       -2.6557585949
       18.7812797648        8.2048452857       -6.2548632432
       21.1777945930        9.4252965267       -8.9014827916
      -21.9319503921       13.1344575747        0.2576805281
      -19.1750630581       11.1576470962       -1.4233345045
      -19.8782537514        7.8157932219       -3.0278744135
      -16.9065741245        5.4815287982       -2.6163493491
      -14.3292208614        6.5745516628       -5.1493436634
      -11.0208952802        4.8448652934       -4.8168388294
      -15.8815517550       -0.3798698621       -6.6198952029
      -15.5868309219       -0.4011886672       -2.8590942428
      -12.1524407182       -0.8958157768       -1.3476352298
       -8.8555506645        0.9337631597       -0.8211861779
       -6.6971989211       -1.3539077010        1.2821453172
       -7.9814107581       -4.9011396828        1.2929092712
       -5.6176384898       -6.0289211429      -13.5983427824
       -2.1740690756       -7.0112661788      -12.5097765199
       -1.6678721561       -7.2627991100       -8.7889588750
       -2.3254102761       -8.7910630595       -5.4058564268
       -3.9658343133       -9.8198785133       -2.1619382556
       -1.1498219749      -11.0112801512        0.0335783105
       13.6578347218        8.9590728037        2.1394834614
       17.1430310786        9.3724441396        3.4700245266
       20.1304579020        7.2948985637        2.3661538787
       22.9492622567        9.1382882830        4.1646406197
       25.9547373073       10.2032306410        6.1936057668
       26.7119062408        7.8876207484        9.1143924188
      -19.3265652282      -18.6818045106        0.0430372528
      -17.0852614787      -18.5050184463        3.0935168165
      -16.2745331947      -14.9034623006        3.9837778119
      -17.5660951719      -14.4543137198        7.5124935442
      -19.2380882286      -13.1113642305       10.6041570216
      -22.5464655303      -11.2699940307       10.5669667226
       -4.9169977906       -8.7156164234       12.5821195428
       -3.7477687083      -12.0957662576       13.6830617700
       -2.0238656919      -15.2296268273       14.8792363018
       -1.7917254521      -14.8878818479       18.6715964590
       -5.1754582865      -16.0118395071       19.9655470698
       -7.5611475308      -17.1234171104       17.2256614927
      -24.1275501248        6.6496300629       -7.5552283960
      -21.3330891065        4.0887014071       -7.4825524484
      -20.6878629752        2.8949780458       -3.9514421552
      -20.6188600392        1.5802029305       -0.4023989884
      -21.4086509080        0.0441710619        2.9521838550
      -24.1348482620        1.3422100406        5.2212527858
       23.4755544674      -10.4744655967        3.4914351924
       20.6552336278       -8.7486121946        1.6328040206
       20.8704930689       -9.1240983095       -2.1172894241
       19.9181397934       -5.9191845764       -3.9092828150
       21.9960548924       -5.8046283409       -7.0717351839
       25.1042486333       -4.5368956181       -8.7931938325
        5.7519994330      -22.2231688727      -11.1533620040
        2.9031399196      -19.7642226507      -10.8909716325
        0.6183530501      -19.3474866996       -7.8991006195
       -0.0006570225      -15.6097043842       -7.8523300390
        2.0504858552      -12.8077831466       -6.3869856087
        3.5475613950       -9.7054101774       -7.9252547152
        5.7017560484        0.5295175317        8.1934084765
        3.8611155263       -2.3282842855        6.5078158107
        5.3261369995       -4.7202352412        3.9595759026
        6.3924094473       -5.6555245538        0.4330286073
        5.8296455588       -9.3301708788       -0.2741065774
        8.1173665677      -10.9233748216       -2.8244630127
        3.6950758412      -12.5345280361       19.7562639784
        3.0097091204      -11.9289843915       16.0800546142
        2.1239446148      -11.0688784338       12.5095429860
        0.2360203781       -9.8811957407        9.4348369204
        2.4608909182       -9.5683125440        6.3770580354
        6.0240639440      -10.5405454479        7.1853829316
       15.7769261447        3.3679603371       -1.5189765800
       14.1711147215        2.6759670878       -4.8439054473
       12.7657812256       -0.5371127809       -6.2179903526
        9.9306180146       -1.3820683898       -3.8544465021
        7.9827800884       -4.2201043245       -5.3793997132
        9.7834930697       -5.5229608555       -8.4231982163
        5.1889555695      -26.0477343074        8.1651625557
        4.8066065871      -23.6871201041       11.1195568362
        1.5035416152      -21.8662713908       11.1467064271
       -1.3370388161      -23.1777295699       13.2995330472
       -1.1165036955      -20.9546788322       16.3877194303
        2.2552305672      -19.2072169838       16.6927671006
       10.4693337486       -9.0948176504       20.9820748234
        8.5413805132       -7.4364166932       18.1890260002
        5.1938525238       -5.6809916503       18.3135687905
        1.5974730931       -6.7058155165       18.7735634094
       -2.0165439398       -7.7740782614       19.0075729842
       -2.6716230371       -9.5298939598       22.2896298739
       21.8068786803      -13.0667149002       -6.5903012494
       23.4514149783      -14.6224790128       -3.5371967662
       21.3133017371      -14.5308219480       -0.4112222218
       17.9048519976      -13.2770225606       -1.5190619527
       15.3455600744      -11.2357418562       -3.3770064253
       15.5632673754       -9.2135715853       -6.5504322718
       -2.4432737788        1.6135311707       -3.7347260718
       -3.9642026920        3.5103786627       -6.5692868803
       -5.6609362273        6.7528931572       -7.4548212463
       -6.2194325678       10.4996379507       -7.6891315829
       -9.8171025888       10.7704097323       -8.8243085646
      -11.2090176275       10.6905013667      -12.3200032012
       -9.9696699072      -16.7397382093      -16.3865818103
       -8.8097636795      -13.4027407558      -15.0332042174
       -5.2846301636      -12.0027872021      -15.1365918365
       -4.7930049643       -9.8033317866      -18.1943440074
       -3.5752500123       -7.0797015936      -20.5167408791
       -3.9710727904       -7.2364579687      -24.2719494556
      -22.1234189904      -12.9211363303        3.5212657351
      -20.0925699966      -11.3097441676        0.7614151504
      -22.0576635581       -9.2854708628       -1.7965356914
      -21.8883528378      -11.0350423358       -5.1841931173
      -19.7122126674      -14.0821753543       -5.9068682601
      -17.5495444105      -17.1127989985       -6.6694585776
       12.0550018200      -22.4783874460       -7.8043453223
       10.5768320474      -21.7847227877       -4.3970770801
       12.8225370186      -22.4220229704       -1.4118009691
       13.6422422850      -22.0191365271        2.2751102697
       13.5811758170      -20.6248013669        5.8013831029
       11.2187482249      -21.5214790114        8.6238779818
       -2.9521068029       -5.0986440173        6.5618231378
       -5.2107146214       -2.9974968296        8.7284111192
       -8.5612342019       -2.3800592676        7.1089247406
      -11.3220609431       -0.4439508288        5.4146373933
      -14.1943004740       -2.5249125385        4.1347404602
      -15.4626301737       -5.4219047552        2.1100858475
        1.7921483827       13.9035591022      -18.0927794352
        2.5689826258       11.1796854811      -15.5905611859
        0.9286523866       11.8726562435      -12.2538229353
        2.3474023167       14.4980106564       -9.9056567016
        3.0838818074       17.6060667340      -11.9768731468
        6.5482374134       18.0818435922      -13.4084700879
        4.7208698272      -26.0840247244       -4.8982342582
        3.3879198260      -22.7365696642       -3.7509399614
        4.9519792815      -19.6646179214       -5.2988726100
        6.6282349026      -17.3655577472       -2.7713985930
        3.7826915355      -16.2714189305       -0.5434505069
        3.0358064683      -15.7766705161        3.0855205954
        4.3524681745       14.8959210151        9.7897348079
        7.2739895108       12.8083977455       10.9449870675
        9.8188664974       15.0026582612       12.6578586418
        9.2242082884       15.4057864903       16.3693888336
       10.0679990193       15.3918426959       20.0447372884
        9.6211456057       12.4684162174       22.4279227944
        8.8893426816        5.7416204780       13.1323813957
        5.1281707232        5.8870908035       13.2264162679
        3.3025111900        3.8772677732       15.8760449372
        3.9547071728        0.2590154833       14.8189620501
        7.4210308275       -0.5523734279       16.1499675335
       10.2017725108       -1.5801947283       13.8130312805
       -1.0344954268       22.9003381919       12.3367823007
       -1.1474650998       19.3952216351       10.9416950108
       -1.9536654096       15.8030954160       11.7945774650
       -0.8603500887       15.0018418425       15.3525530577
       -2.9544253561       17.0837435707       17.7389423394
       -5.8696251030       19.1618014512       16.4785495597
       -3.8348477118       15.3296930683      -10.2084673195
       -2.5861730705       18.0290719861       -7.8854274427
       -1.1583410041       20.9631364179       -6.0054983533
        0.5947544667       22.7030440923       -3.1375226145
        1.7989498214       23.9046795198        0.2325893830
        2.1552924326       27.6410866699        0.6844452710
       -7.1136709196        3.6672319787        6.6323002256
       -8.1049001677        3.2405191920       10.2306230428
       -8.0716404394        0.8741977431       13.1779835524
      -11.0231239488        1.4461112768       15.5104905583
      -13.6604145908        3.9542055611       14.4529048032
      -16.1537856605        5.2049687022       17.0189594361
