         7.3530652423       -3.0465624152        7.1846793116
         3.8358598145       -1.7236641118        7.6047919122
         0.2439861362       -0.9891760478        8.5559073843
        -2.6874548143        0.7173037417        6.8595674831
        -5.9323223179       -1.0132093601        7.7072993474
        -9.6023278118       -0.8808670945        6.7884627460
         3.3989469012       10.4302515363       -0.7789675837
         1.9513272231        7.0874457063        0.2223907126
        -1.1670166126        6.6732902764        2.2693066864
        -3.5918189497        3.9725397924        3.3877322280
        -6.0900210701        5.8396730998        5.5598379817
        -4.8774648005        9.3983849970        6.1590717720
        -9.4138958776        2.3331513898       -3.5961757735
        -9.0655128755        1.9167995829        0.1439839230
        -6.0818782296        0.1688396772        1.6482009208
        -6.5338486991       -3.5762265149        2.0517494308
        -9.6937546482       -5.3427596282        0.9566455729
       -10.4113072942       -5.1243761748       -2.7644855918
        -4.9927765207       -5.7939283680       -7.8419250987
        -4.7878218109       -2.2054672227       -6.6084886634
        -5.2208808950       -2.1640783058       -2.8262101321
        -4.1233000817       -5.5970050202       -1.6710331171
        -3.6890835843       -9.2789545780       -0.9774403957
        -0.3856194331       -9.9068935948        0.8074422931
         6.1223994101        5.5885094959       -8.1067730028
         7.2427931269        5.4841400710       -4.4811235069
         5.8155982539        3.0160826608       -1.9534913766
         4.7672183335       -0.1014100297       -3.8479199007
         6.9362542116       -1.4425103028       -6.6560737931
         8.3396053481       -4.9425008105       -6.3303434881
         2.5951496825        8.7558993826        7.0431193492
         1.1429567237        5.3243303499        7.7989780321
         1.1552663309        2.9970056847        4.8146498094
         4.3437547565        2.1712315826        2.9202077505
         7.4480436464        3.7964170747        4.3295080782
         8.8969318956        6.7482115629        2.4581502971
        -3.7757150197       11.4912106316       -0.9089802824
        -6.1073084107        8.5183601821       -1.2235003315
        -4.1577737991        5.2820022243       -1.2596627249
        -2.8787244160        1.9901800972       -2.5899665037
        -0.3208866847        0.3384835904       -0.3511169772
        -0.6836185190       -2.4629895032        2.1406859206
         6.7631495981       -9.7965454098       -1.2251474635
         6.7327049048       -8.5248322852        2.3469614887
         3.9022341138       -6.1340034315        3.1175870285
         1.8329359500       -7.3557802915        6.0557094603
        -1.5771420061       -6.9246187974        7.6601025246
        -4.9024816629       -7.8794576275        6.0872255335
        11.4092164469        0.5850575333       -1.1841720244
         9.0832643975       -1.9997132533        0.3101419479
         5.3463846851       -2.0468506874        0.8921220201
         3.8506674428       -4.4720265421       -1.6184538801
         1.3672263376       -5.2541168234       -4.3559333494
         1.6621223135       -8.5030006459       -6.2671752961
        -4.0815916120        5.1823397206       -7.6023193594
        -0.8734969196        6.7263889817       -6.2759633443
         1.3240462834        3.9755104563       -4.8506616938
         0.6215138046        0.5691106540       -6.3477052852
         0.9823583642        0.5119397946      -10.1202191115
         1.2398636974       -3.1065666530      -11.2607898948
