       -1.6630894675       -7.0337102919        5.7549102534
       -0.8694220315       -8.3602824304        2.2932810664
        2.3935893925       -6.9167755116        1.0212596975
        4.0986525104       -4.2918688292        3.1625565728
        4.8064787522       -4.1595024278        6.8802743236
        7.4646517640       -1.7545334513        8.1284502965
       -4.8395754229        4.3195014050       -7.2744486427
       -1.5505898361        2.8916194165       -8.5409316181
        0.8095274908        1.3760458010       -6.0078468518
        3.3781548913       -0.7131328624       -4.1784389825
        5.2775251448       -3.8452923306       -3.2486409453
        7.6937374896       -5.7160686836       -5.4642248273
      -10.4221779251        5.9631672547        3.1909125045
       -9.9577815973        2.3042231248        4.0755574944
       -7.3270906719        0.1077586696        2.4547100777
       -4.8999862255       -1.8255002545        4.6280510340
       -5.1357455738       -1.2332460104        8.3651236728
       -1.7229534271       -0.8735254946        9.9955965001
      -10.5781927154       -4.7914269413        5.0297474478
       -8.2682380681       -6.9903380812        2.9749602025
       -5.7617253857       -4.9134270268        1.0380241402
       -4.9415148806       -6.4812101292       -2.3181571067
       -5.7622615725       -6.1054741200       -6.0048778319
       -6.0483624688       -2.9198759968       -8.0515516632
        6.5601388691        5.7539261531        7.3413839548
        3.1685045919        4.2090849764        8.0071681502
        2.1941133282        1.2171403699        5.9074523433
        0.0343591441       -1.3891160706        4.2055582590
       -0.3944291320       -1.3855623863        0.4541766273
       -3.1500017229       -0.4788637468       -1.9226405791
        5.6731957694        4.7944766345       -6.9522536353
        8.2364480925        2.5765709490       -5.2389011837
       10.2021960082       -0.1899658456       -3.5301122242
       11.0297434050       -2.9423648806       -1.0405507357
       10.2420678765       -5.1348920348        1.9606105996
        8.3266402032       -8.3971585660        1.6547822953
        4.2147452163       -1.5016226532      -10.3002023045
        1.3520630158       -3.8838032526       -9.5362230910
       -0.2092150514       -3.4185755973       -6.1295171196
       -0.2445723619       -6.0524668033       -3.3984869466
        0.7062552868       -9.4319685418       -4.8208339196
        3.5408887802      -11.2667554414       -3.0863114753
        0.3437304732        9.2065066085       -4.3446424150
       -0.1594647969        6.1379985723       -2.2033771568
        2.5488970450        3.5407396262       -1.8879493858
        3.5124538419        3.4673559526        1.8012085884
        6.4880600623        1.1070139566        1.6670957558
       10.0748824671        2.2000196827        2.1858350269
        6.8077171757        8.1071536905       -0.5588671186
        4.5104444167        9.8993434924        1.8602569168
        1.6161356812        8.0387359899        3.4575778359
       -1.5629406045        9.9102111616        2.5175147229
       -5.0117087065       10.5577894459        1.0791196947
       -6.6866259865        9.5107133966       -2.1681335667
      -10.4882705717       -2.2744169143       -2.0599694035
      -10.1690790207        1.3100528859       -3.2529560395
       -7.5774792715        3.5775624949       -1.6917721331
       -5.0092093229        4.4257113426        0.9566197573
       -2.8964693848        4.0932138005        4.0707286586
       -3.9978249821        6.0690867539        7.0923144324
